12624
1634
128
2258
12993
24756
2300
17114
12784
6531
1972
128
1835
5479
13033
2214
12731
15388
2715
2288
2264
2045
1842
3499
128
125098
12099
3587
448
2302
12940
2438
128
39721
586
128
1687
128
12636
12777
5695
128
2538
14681
1910
13342
12980
2110
12998
128
13262
128
2092
448
12450
4303
2307
2941
2501
12714
448
106105
66
1179
13039
13043
592
2300
423019
128
12771
10376
4216
13378
1013
12703
2008
12627
128
1713
13384
4255
2134
128
664
2055
43558
12665
13019
1653930
448
3461
2270
448
2010
591
40095
12646
6160
128
728
448
66
12695
510
99611
128
5518
128
3841
12652
2264
13576
12600
13624
1298
2193
4668
12503
1987
128
2010
12983
1697
1967
5451
128
1498
2011
34273
128
66
4258
2241
5914
13431
448
128
2426
12293
12109
128
14233
2023
128
3581
1902
138728
109665
2938
23678
128
448
13384
1967
36372
2693
38677
128
448
3791
2174
12782
1179
12611
128
2761
128
2964
12000
1162
2753
48341
510
2219
1179
448
922
76996
448
12966
21673
12728
4654
448
2443
107285
77498
128
12754
3098
25203
1542
128
584
1843
3291
128
2111
128
12589
11965
1973
12656
12762
11776
3388
3629
15750
128
2836
13602
130
45913
59677
14202
11803
151793
11419
3770
1567
2174
2158
38422
2142
12797
448
2423
12084
13379
3430
1861
2267
13125
41732
1673
128
38501
448
12951
448
1860
128
448
621
1689
128
1426427
128
1673
29079
1845
62476
2460
448
12418
12724
2144
9077
27991
196
1666
9524
1988
12877
13106
128
128
2470
3569
3015
2288
2143
12954
8721
444
3001
132
2264
122447
2184
2484
20489
128
12707
281314
128
298
172416
12687
13155
34579
2867
12948
5652
1827
112424
1506
2153
448
1502
7993
2609
128
1229
13129
1983
11738
590
12981
123047
2240
1999
13126
6106
12999
5852
3470
66
15647
1687
1843
128
2992
1971
42017
2451
1693
3777
3330
1836
166237
12967
2276
1865149
13585
2174
3655
448
13527
2945
58809
3499
29070
11887
12108
12617
2184
2943
2464
23430
12940
128
448
1690
2727
1544
128
448
1867
66
3841
13271
12590
3487
12592
2193
12990
7599
40727
11886
2258
13388
3478
12979
664
448
128
40283
3503
1835
2161
1973
13106
583
12567
35726
14698
2267
1830
128
1853
13322
298
448
3289
11769
128
1600
12774
728
128
3706
1090874
2270
128
12887
12934
9235
448
2927
2502
2221
728
2291
448
3453
2425
4564
9397
1361
33223
448
1703
196
1302
13087
993769
14171
12990
132
1996
12924
2270
196
448
128
1416
128
1968
5649
1678
132
17793
2027
12570
3383
5582
5389
35338
128
41364
2240
2837
1842
2216
12981
12732
43650
3009
448
16922
10521
4733
6100
3412
276372
128
1992
1914
128
448
1836
128
12446
1360
128
3052
2006
12745
12837
1611
12564
12721
25285
1674
128
196
448
1600
11967
2867
11546
12512
2036
448
1803
510
2215
2704
65821
6828
196
66
97125
128
128
1972
5420
2011
14102
12530
2554
3058
12406
1951
13890
35493
19367
12592
128
448
2006
128
1628
2271
12703
1007
13179
128
12782
128
2198
128
2146
4579
13174
48944
2042
66
128
15587
6005
12810
592
13053
66
4077
128
2237
3287
3671
128
12291
17816
6790
587
12679
128
3523
140303
12742
29228
3698
12281
5588
196
246640
128
13076
856
15308
5612
12795
11632
2011
128
3212
728
128
2253
12221
1688
26432
46416
128
128
2233
13435
101183
2270
13456
448
128
147293
448
70021
246
64
2173
137726
6645
2798
5019
20100
2247
128
2656
128
168154
9346
586
12898
448
13676
2292
8656
128
3264
92162
128
13247
2147
2264
17290
128
15114
4620
12967
14533
3841
5934
12777
5667
128
1973
1541
2288
448
97065
5645
2007
5464
2258
1825
6875
2421
12686
448
2156
128
2244
2264
35493
12942
1511
73425
50220
2460
585
2295
2290
37961
1856
6533
12649
448
128
12661
12941
3830
40767
2633
31445
448
4651
1598
1867
13812
12653
12382
13484
19120
12824
25293
1293
2264
2001
2160
3225
128
448
29270
128
2010
1995
1837
2361
2016
128
1680
5791
67289
3001
29335
390
1837
448
3523
12639
1179
2849
128
4760
4491
36647
4720
1281
78075
1972
2004
4548
2291
2963
48276
2252
357717
448
41877
42430
7958
2298
19839
1836
66
2133
13086
256846
448
3598
12691
2113
448
3841
2820
2227
1986
206207
15007
2380
10032
1041
1823
16305
12092
129805
13616
13010
26198
128
128
1474412
12543
2300
42460
1498
12169
448
664
19400
448
684745
1680
13285
128
9862
2143
3435
2889
448
2933
64
1935
16455
3427
64146
2937
1812
2241
128
1961
2258
13430
2023
128
448
1511
36289
3099
128
13895
12782
2164
2011
83569
128
8477
2267
1811
128
448
3841
1915
17238
1929
448
67951
12675
128
2267
3078
13697
1667
128
2820640
1845
3416
448
1756
41101
44152
12804
12774
28287
1541
28967
9259
2238
56583
165803
3841
128
128
2835
2013
2423
128
12732
2258
12743
2903
32058
88587
448
155407
5899
2264
9495
664
17217
64037
1739726
1982
1335
128
145278
1468
62201
41986
3681
12804
13665
128
128
96020
128
3681
2775
1538
2226
13040
12729
1542
12893
5902
1512
183295
5499
66
246
23027
6591
12576
656966
128
1688
44171
3030
2034
13400
128
128
128
128
128
19925
1679
6684
24397
12703
1378
7503
174530
2143
12759
1693
7993
7436
448
448
3535
128
792
448
14458
128
292470
1037887
1843
12912
448
2934
4395
2420
3841
12530
66
13083
128
448
12958
13385
1772
2001
1673
448
448
88482
44233
14532
3747
128
12043
177866
21752
12493
128
2463
128
11580
128
1834
62030
12730
128
1967
448
196
1922
3706
2516
66
13708
448
13522
13345
14215
1298
11789
2295
448
1824
37683
1085
1868
2775
12633
6299
40989
448
12823
2193
128
142
128
128
510
12721
13013
5188
12628
2233
2244
3598
34199
2765
1638
12817
128
2593
2213
2653
11902
128
448
448
4198
2439
4589
2423
12809
128
128
2010
45021
128
6250
13432
8721
12944
237378
3203
1835
11661
5486
2295
66
2290
128
2242
18346
56903
2290
1833
3473
12664
13571
13427
11701
2013
1674
2846
154153
12622
448
12654
2462
448
2270
856
14975
5681
13119
12924
1621
590710
12711
12877
12604
8836
151908
12714
128
1511
27597
13792
80757
12715
1774
12666
12186
24604
2494
13207
246
5537
50808
2122
448
2758
2147
1834
3521
4143
2212
38486
1830
15117
13615
13372
1498
728
2437
2264
448
3435
2234
20850
1545
2223
920
448
5789
1673
67825
102569
128
423310
3577
3841
448
12898
12952
128
3841
3033
1822
128
12760
5231
2598
3861
14400
13436
1840
13345
2505
12742
2653
128
128
448
12308
1687
128
448
452
14690
2002
448
64493
2287
13233
42453
1403
1821
362326
70082
2300
182432
2270
448
4540
3566
13799
3841
9895
2249
128
3001
196
510
448
128
12386
2719
12988
132
252525
2288
1545
11582
11137
128
15948
448
3624
2030
128
767
6847
12949
47614
128
13174
7956
1179
66606
29528
9114
2267
11903
448
128
448
2583
2334
448
128
4098
4138
2219
3428
38797
3526
128
12812
3841
510
1776
12652
1486243
13009
448
2778
128
126472
128
1836
1410
1777
2217
2258
3172
617
3264
424405
2193
1972
1839
198
4638
2264
2241
12840
3359
856
5562
2715
28966
2411
12791
2568
198104
2126
3420
1335
128
2007
6754
2099
18639
16348
12928
128
65851
66142
2010
25400
12297
11303
1981
3444
3395
390
4148
1702
6968
448
2975
448
1173333
128
1494
2605
128
1539
2709
145616
4303
12931
52388
12649
2035
202178
128
448
128
8074
12429
2267
2307
19107
4754
12937
14083
2276
16468
510
1815
12593
12851
1789
3504
1404
5383
2258
2269
2166
2038
291880
1914
128
2588
128
448
2007
6389
28396
12746
3841
16304
4967
29079
448
12915
11750
12708
1966
448
13056
128
2967
128
18522
81126
448
65699
145975
29115
2300
1847
3001
7609
448
97491
12726
3832
17478
79493
3706
3517
2264
1543
13329
128
1541
682823
3760
12834
13805
5587
2267
21613
2435
12776
21038
1982
128
17984
2267
13385
13356
41334
40030
24421
12797
2010
12788
128
27528
2264
13230
16534
5094
196
37224
8869
1834
128
12751
4281
1840
25207
2870
111093
2265
128
2291
2352
14379
448
29060
3504
12550
4257
15050
448
2707
128
448
82112
4311
2013
128
47440
448
13334
2246
12755
14700
2104
1179
11223
1499
33551
72288
1403
2122
3140
2319
29141
32825
13774
2296
6845
128
2086
16985
151791
18313
151727
8198
1814
3814
1547
448
2573
12962
128
27784
20192
2083
2267
29193
13792
128
10174
448
13537
14594
12609
2807
12964
1812
11999
9210
128
1679
3484
128
3770
6075
1967
128
2823
2196
12679
246
448
326173
144812
128
1249
12658
128
1996
11764
904974
128
2788
881
12344
1601
1834
16372
2235
13570
13643
12552
74429
1966
995632
2260
13790
2849
11973
856
1968
12775
12251
38231
5642
2193
128
128
1506
13128
17525
12545
390
24274
128
196
510
921162
1179
1833
25711
1854
2004
12972
448
13590
12590
12680
12840
570
9420
4058
1546
12678
59898
1834
35493
448
2258
5270
2028
1680
2241
18744
2746
4564
128
2110
3176
5564
12293
2991
128
3208
2252
2823
16674
4771
27652
29719
12799
448
510
12671
12692
2242
2813
1809
128
5582
2985
856
583
1831
66
8544
13589
920
2230
4209
728
2283
448
12792
132
113975
128
12979
19772
2106
12097
2979
128
11823
111353
1499
1549
20391
1839
2016
128
12549
2193
448
128
2201
11711
12263
2290
12805
2221
3173
13351
13725
12727
2258
12645
128
2167
3508
128
66
13251
1680
2300
21412
448
2313
2844
128
132
2375
6055
2089
27146
935
2101
96781
13353
2478
11930
14030
1993
2133
2214
6766
2105
1970
128
5836
128
29543
7984
10818
3568
1984
2221
14312
2696
24956
448
583
13029
448
1678
448
79004
5207
1840
128
2086
3259
151774
13200
1854
6036
2248
3846
2831
119262
20850
1533
1666
2005
128
448
4048
168489
12992
12413
13221
3841
160
12299
580
2865
14739
89195
12965
13015
2174
4917
128
1742
1630
12619
13112
2012
448
20904
2285
2242
390
2215
128
4082
5444
128
2060
128
2288
2474
17414
1298
21601
2338
13510
128
1814
29210
1995
13469
1688
15734
196
12802
13039
1785
1679
128
2025
3001
13025
12840
13245
12497
2241
4086
5869
128
16533
128
109351
66
1679
2869
20313
1690
11464
128
90958
17207
11210
1869
12830
128
12424
39403
2286
51127
128
128
13424
12776
12264
128
13355
13623
13019
1541
22157
13973
448
42036
3306
128
13139
448
3473
12696
2419
12101
2735
14160
128
246
12989
2595
4258
13129
66
13285
1860
13136
1820
3535
2179
2032
2299
2267
925700
128
2686
6503
12853
69109
1991
583
1812
172183
12924
2423
13246
18325
2410
2288
1498
128
10144
1829
128
2010
2243
12670
2295
1478695
17818
2099
1984
1179
2425
128
128
12664
15586
128
448
6104
1229
128
2267
2722
2365
48571
128
4140
11927
13137
2072
33259
1546
128
12646
38358
84799
2323
1819
7869
2153
2730
55501
24728
12910
53980
2256
12953
1831
2834
128
3841
18052
128
2281
1542
570
1306
851967
128
728
12620
12820
12610
448
22014
128
2258
2423
12691
5141
448
12746
78956
9682
19087
128
25193
1585823
6358
128
3425
66
11581
2900
2143
5583
2819
5329
2641
12860
8774
1179
2095
2423
12814
13542
13036
13045
32921
12764
12655
2373
128
2004
128
664
28437
12917
12202
12685
9320
4409
1294
11486
2290
74294
12645
13047
448
36370
7752
1752
2069
2290
3108
12829
128
13338
1560
3841
12738
36587
2016
13019
3596
128
2419
13176
128
3841
12893
12944
2262
2033
11730
13745
12326
41051
2978
12933
13568
12464
43363
1961
16451
6628
17904
2742
2327
5529
19345
13113
13323
3151
3998
12703
2110
448
3841
452
3841
12047
5481
1628
2288
2025
2023
146274
1179
29035
3358
2264
52221
11871
12386
10221
2527
128
130
12849
5788
1034209
160191
196
2241
128
13112
1982
13772
128
448
128
12912
1588
128
3292
1542
3149
3264
1506
2837
12647
12618
18643
12668
1673
2535
1179
12940
128
2175
2161
12550
3401
22611
448
12912
12915
448
39740
12940
2993
591
128
12585
14236
128
49737
13039
3309
239640
95551
123754
128
38609
12770
1494
2775
44728
128
128
200886
856
2542
1541
12969
116494
128
12854
6772
448
2086
15452
12600
32521
1541
12716
82856
38422
8327
448
25950
13094
2203
13116
12449
128
4076
1034069
12104
448
3165
1811
13070
128
17006
128
2264
490
128
1261
13018
12104
202453
128
13015
448
5633
1829
12968
2045
3287
12573
1549
143143
16836
22367
26972
2224
12073
2258
128
2761
13251
3208
14748
2290
3841
2267
1834
128
12950
70920
1543
69666
11433
12660
39394
645731
448
6238
128
12059
5383
6194
1526
130
9655
1862
1524
12924
2326
12678
128
1335
2258
3050
2022
12569
10868
12853
59200
49383
2086
41378
791724
80650
12021
1973
2743
63893
13225
2792
61882
128
1635
2292
12988
14112
12688
2837
2193
3880
12634
2284
61293
18353
448
448
19545
66
3770
448
128
44219
24998
29114
25236
5980
128
510
856
128
12672
128
11206
3505
12824
9515
7564
13139
45748
448
13005
37841
5920
3373
12717
12542
