755100
72437
75
5006
630178
1646684
15722
83026
712314
461814
197833
68
199538
89775
649489
88009
616809
159987
6835
5771
4939
176380
561027
303918
71
15230
785917
518242
301875
13412
691421
183357
69
13100776
1394
62
141125
52
1944585
628909
512359
45
660663
6049
136084
720033
1409855
742273
672972
87
667351
90
56386
174824
724493
48012
88685
80235
17037473
6547550
172719
505671
0
9882
623249
651316
1431
5438
1409924
116
576419
39397
86352
8928930
5589
633045
23745
659421
62
196916
722876
1239455
76074
75
105630
224068
973955
693915
632151
10418422
160506
94043
9445
173956
22432
1545
1946428
536331
481273
66
105115
167071
0
552134
6931853
12630340
58
228638
69
202298
614980
6414
609209
718341
1171830
34975
6991
2256943
1449493
197612
77
14831
651004
198968
199212
249191
84
37598
63379
1083493
94
0
391973
76225
1581872
745917
205615
49
78618
474360
7666860
71
4782657
258071
88
1029251
28329
980069
155356
52760
1702263
81
172400
716625
198403
14658
219567
16005864
82
212053
4350680
13254
646744
7558
625699
69
268783
54
21212274
1583196
1730082
66983
23819912
6952230
531143
7190
157202
164619
3108556
167511
613255
19417957
534029
362876
172455
176128
9769026
512195
64
609994
196265
221187
137665
71
1492
499058
63921
67
63183
85
625042
119609
200189
620631
658327
1243142
63405
113367
6451436
76
59975
17298902
222500
12164020
1265503
17175833
336957
27678
1123014
335817
235907
9435
430480
271686
76164
638698
174612
5247
1319041
624470
557632
500398
4953
610414
13838358
136205
45
2026309
199408
674703
161114
494826
67
165737
77896
92407
70
26763110
75
208725
1175799
549024
2076508
215512
158933
117739
652584
20210172
382729
349863
31025
139011
53684
290777
829978
615747
73
58
322970
707248
48843
9592
304160
1145914
570315
4939630
22990
6131841
5788
4526089
553369
381144
534252
149
647746
36418759
98
8628061
1208273
644014
1832188
15675899
52555
1121470
311809
198963
44843223
36545
78173
195699
619740
278632
62472
73
1456088
618342
3573
991299
1448
713793
1449639
314717
14430
652804
72109
518593
104748
10704
0
17270228
279718
280869
67
14327
199605
1296839
238538
135865
18970
32721
199244
1066149
724522
62212
5401646
619289
12194
594116
175705
5279237
95525
4622439
304025
1206388
1908750
17031827
651826
10442
64365
82974
698140
797921
188
190700
138421
250092
136337
286
161188
472045
0
203637
12030595
629188
64767
703420
5379
570428
417921
1445260
1095921
4946
1160829
39034
1668911
106245
223440
105
1693527
95139
199044
75923
198133
741332
1544
611532
16005872
6547
7112
376206
63
339316
624224
8629216
166855
88387
1984126
63
5371
634201
106193
55
40405
43401256
7905
76
629870
788300
47711
164497
36392
315178
22603
104124
17593
157334
35665
376547
317551
657091
140631
16863810
158882
164713
29449
11326
754779
2883111
7817458
711707
6035140
136166
1017981
6546
30001
190954
61
165245
70
197374
197805
135399
2921199
363794
56284
651591
285654
282687
193368
26572574
47
624109
879135
590560
201874
144619
583411
1283306
152392
191431
173704
421413
221598
732969
2860767
441148
3374357
76
176746
56603
104
159639
198691
58
626642
66599
72
690783
16146
693948
561363
8899
618250
640873
130743
138847
72
49136
160640
12023
1913212
63626
1288701
2025540
993823
204013
502725
6936142
229875
254910
738714
5773
29383
0
568751
80
66
196940
194740
30618
4988111
595088
367883
17047
1906551
21326
3584714
234231
416619
730278
74
157297
27361
88
323120
376551
615787
13841
649215
69
647818
91
56576
67
77850
112533
770232
1985495
414725
0
57
664264
335914
640662
1357
718716
0
34322
66
75879
62145
179829
88
1482071
362333
49529
1395
629013
81
29302
5273280
656137
1189952
336507
1351595
301863
29346
5568642
92
625797
107048
991495
45864
650169
1538749
64335
48
62228
111937
81
30971
17036184
19750
183908
147007
73
117
51577
764716
6794051
7241
600648
168541
67
4024302
159382
551274
1952025
0
414124
25727178
10089008
572325
17516914
42307
879246
27
188130
84
17213262
390997
1419
940289
177606
649913
9571
16476
104
389957
17112710
67
709617
75277
9234
465631
62
704873
636275
720943
638187
220775
311396
646748
192072
55
199565
136956
7533
168637
618863
6400
23836
507934
5216
558698
28235917
78250
627377
173540
75694
82
75752
39391
234712
669502
11479
1707564
1863914
177125
1885
11081
17036756
816103
220860
90410
632304
168548
55
573989
640176
148075
340028
182109
2021803
162128
120223
397145
295178
626450
5124776
645665
782682
412976
676655
865980
11588108
6521
22658
76225
109980
305
211584
1176784
261
21383
57620
199036
353760
603771
67
135818
652606
21046345
15924
9129155
915145
198677
167616
111840
623359
7468
518592
74
212730
132921
236723
623969
192966
4032762
197989
23527
190668
39278
308696
1187961
76299
3027927
174967
1726178
631067
280035
9025
1124839
330927
0
128183
618072
1270417
163146
1342157
686975
56819
178252
218380
65180
305503
198204
3108371
2233729
269764
468289
1677733
174155
1112125
13854048
4634101
611301
731123
1676016
65
84
27460259
682588
5192
1703437
33985
1440304
176887
104470
674823
170517
2664765
275059
638101
68
877654
240993
29974
289514
174633
200571
0
434023
399915
227386
16013616
13993
3486815
889850
71
197275
6253
6075833
56388
57
174147
6269
14073
340261
87
5493239
560354
75227
35859
1170366
60
643014
5785
239588
55
179728
220473
242122
5040461
50206
179750
730350
1354038
91
4963
102788
724909
176286
74
3809456
649612
33456
186034
301630
4240677
19682
778523
781759
279418
139228
187472
2096765
197233
1191813
943828
202924
94
84
306573
19995
6123
235
825675
5683
720799
582328
1885312
629231
158532
3473090
27924
5598
30597249
113304
684358
218554
11252712
199217
8177
82
691567
10877
682351
1779259
320514
713132
1896478
64
57
16896733
92
313875
567331
138868
316339
783934
711360
137262
696068
1717619
71868
30333460
54561
0
1951659
16865338
204592
607948
2012927
85
136697
13695
399129
920436
1816534
95
114
75
53
61
4125598
135632
17026492
1620146
564328
66133
542939
929437
666727
607589
135487
209828
538416
296935
153234
310085
62
104346
174635
651226
309
20957871
840767
3614699
752086
179812
545018
75744
86199
214124
629430
0
886090
54
205834
5338995
605210
101430
30941
138195
178261
201412
693869
22856
711923
5408
57
1020562
1993331
24396
1732706
45
86669
96
1853740
363
198614
31923006
528460
59
199758
154228
30403
21402696
78218
108761
0
718657
166430
1113310
706571
699040
40120
1280551
14469
177433
331858
244177
1290
676746
262420
553273
756869
938002
195895
727360
5918
88
3220
90
75
6930775
631143
750752
975732
634772
80004
420516
211861
15829
122301
5761
559757
68
480402
81696
624606
1511779
92
173202
299906
4976
376515
256191
11187
696185
69
56
15983
249213
69
15024222
658544
454210
678448
1234615
1425420
331319
1742252
15205650
791958
0
31624
63
56589
1434619
2001115
52268
198138
570515
558224
613477
620993
1729566
16010
195518
393909
17251532
661180
167831
1482633
78025
172497
6755
152471
5390905
256417
4647132
625307
321444
2385430
644242
638379
601627
484431
1201804
550312
96
4160
403771
1687872
753182
889779
105677
616601
1400641
4846494
942775
989106
1952484
1287596
30594107
349548
170644
100471
75655
198188
288598
218913
20210546
1718345
360659
155045
689427
5966635
31884
114371
166406
18514
175482
328591
75465
647090
138426
75812
159031
156175
254678
135866
791046
1550497
79
1472128
195903
226316
304892
682124
560091
77
223833
104648
311219
53
701423
120254
288927
12613
1638818
645101
199765
651803
306192
610339
483345
70
69
162943
1247125
140193
91
174807
156814
4223618
23382
178353
2116174
524446
6299182
1115332
184314
310885
10720410
1532186
4843
5318480
5310
158547
42202
267608
1028162
222754
3541761
75617
112
15282
29563
6951675
170945
88
1464051
275938
604830
6135741
22676053
6288
136494
1724317
46097
51
1587646
175433
456137
412300
98
25035
5054
762133
574481
59
4661389
479799
7332
2771982
7330566
59600
5165
2048172
156813
452
172512
238450
197954
174410
70
195959
280170
414196
70439
16867303
698870
126
625374
209509
6932324
15011497
653231
2497701
659238
217764
13024
65
749237
67
199129
206682
93356
1438931
6594
254593
83489
389172
14336294
4916
199049
199716
9108762
108872
57692
58246
563685
14839
158900
28780
5884
817937
377748
1121638
181270
2765033
64850
1141943
8424
70
16118
416308
56767
371614
480702
729106
96
200084
1061557
19007
7205244
757032
1812457
203965
28424
456635
1397504
208742
427426
1666826
162935
86406
155720
14833470
84
289246
67194
82
135385
253957
3080241
17504315
716901
1104314
616566
830241
2732360
55
161522
105
1125238
747366
5691
12345
2201360
30596432
651319
623287
50162
8009
6931103
321251
682188
620470
443839
283871
100348
79648
5040
11065
345307
9548
152505
55928
78
230207
51
208604
138128
1034458
2298667
2380631
225269
45498390
551911
1189165
205383
812500
1329699
697925
55610
163146
657582
67
21169463
94
488943
1176721
159158
2742245
167202
1189482
6186
94729
14919
485590
300887
8176233
692273
123615
428358
1846261
31511
627711
7248
137210
4685049
68
136046
2943086
79193
688486
881786
271699
8200
697870
56010
626905
429029
202733
66
113166
17225
702781
582071
2443929
1197820
22402999
625930
15967
689847
62
706340
8602
6309792
18447
1097840
49453
1726131
5554536
200936
67
612788
8055
200016
1639467
368780
1738785
76364
65
45153
307196
5419052
156747
1190419
293749
692273
1402645
729295
174005
539427
47
167282
1639559
235214
57290
65
707347
162283
682620
17039047
824641
6139
57026
7952
1611094
33990
310005
5747581
184669
188802
510714
1210102
1206791
9385
751721
444085
4930
118
29170
423021
26771
514398
1701194
90986
613437
6019
137406
171573
60919
752757
84
707354
15732326
57163
5411
1175971
711230
89
145471
176718
646741
1102101
1557750
57904
704660
357783
634301
18830095
72
174980
18408
353
55770
90170
198475
57
146247
557323
599490
1950862
221653
33263095
2878071
94
233097
607387
84
413227
1249689
2312179
66
322388
164488
1986727
480580
581618
5213270
316534
609262
520802
1378524
4077997
201006
3008207
313666
675819
377669
137280
107116
186832
1244004
1696295
10511
243362
5879
124
79
22655
6687074
21133670
568069
956778
1637417
78
29485
6932744
2052893
253205
203158
6310859
128802
27065
666470
168805
761004
647938
647481
594115
79274
441660
22415
136286
5124397
6512382
200733
232264
160929
6853
125831
58819
136526
57221
2389552
34544
285916
54
742367
37885
5067
572299
17171578
65
292555
34426
297153
526842
13683
1188940
817305
656522
169131
6940981
732138
605327
77408
67135
259866
64
303801
102326
109961
1413
415966
0
243028
673803
155894
76401
290769
110580
864262
174619
702908
2855113
1599685
53
593614
1764765
273819
17034200
21106067
71
1128500
1503546
32790
129512
6586708
200421
55996
71
633657
6179
204804
77
419318
1715503
1186081
38065
643276
69399
61426
730987
666097
608557
4887
634994
62
19557
5162664
117
0
630095
138799
6376
779428
161741
384103
129667
67
27004693
9898
3551167
156871
788190
154698
55748
67145
694900
220179
1874200
1049674
18380
385956
54993
17126959
250477
197444
331
15992404
65
1189924
509741
35202006
84608
200726
1428236
654166
66327
1296148
170136
1427
1319987
171678
137210
174913
1156157
4468473
198172
74
75331
33090
35100
772156
11193
543925
76068
406603
68390
22786991
382214
138652
135348
28846
79
159709
372110
20770885
660063
654445
616079
206298
254
1384762
1518
59218
17364302
4420159
674335
614720
7979
592012
69
3624
198091
637679
6534589
14318
171365
907613
1030247
1005853
1204015
78346
67
150298
197917
71
287357
72
5217
78356
471606
34758
1124755
481173
667332
62
417022
1188924
454928
1242822
137099
12422177
30888
703477
623555
169205
138749
77
441738
20083
664250
636799
862594
757039
75599
4587413
208926
72
2382375
68
19218606
0
135684
31214
151863
137793
2565974
81
1081766
492859
2227266
631542
605116
66
919794
741435
32394
1790475
86
72
711330
602651
644869
63
639865
5073891
606203
136054
535794
596979
186011
4156290
121775
61
708395
214617
59383
582366
378197
17041023
81770
1398435
73
1951197
1134017
227210
359623
837798
0
839164
493000
627803
200005
185520
500925
56510
59025
5673
9225332
63
57262
292078
657133
213880
15371
1494
237885
1284218
749165
6670
15682736
908974
67138
7181
146560
74
475900
430788
72
38687
144166
676015
8751
2584596
396573
56503
197726
8427
956447
85
93
735478
1123845
75
171946
649223
1491781
55
5004
857992
470005
8493897
67
212363
1577694
697409
72717
1089069
137333
79
563635
274247
4452093
349282
197836
785918
75456
89106
910499
16871728
657732
697050
531369
652042
199413
13024
69
204907
11081534
72
9037
136772
83237
207662
2020295
64
107713
557322
717711
2573923
173567
440031
42
5412
5396
666900
224257
166923
694994
1080771
1030782
1568223
81
1647858
1078313
260677
92
29012
0
1048132
260720
263673
5812
59492
507869
168249
1068866
401597
250042
162998
6581
705910
6665422
753702
604704
845618
1337979
535531
397550
70
55915
91
106606
5371919
642902
1462722
553859
196813
544088
223777
128054
37731
16867828
696192
986108
156112
22487
386503
472380
83609
294034
201958
620682
70
768237
156278
219588
614444
162951
699588
621135
1179361
94
83202
609676
82
344268
657207
6609539
76417
185197
1703474
5255186
120644
1867584
71890
812295
676878
656598
1648867
201099
17287
1025322
5114797
37500
409139
129095
461526
765866
704522
32090
291270
809363
56978
176022
227244
159877
201725
1097157
21479308
526155
12252
56059
14252
3108679
249572
1206192
241720
7465
1423474
498804
1838583
2263054
538457
76
180644
614423
74129
18199036
1733534
49338
57453
57
587195
200607
539865
58
158101
51
612068
15336670
69
580263
137781
311594
84373
20446
288726
577339
610980
1454191
614657
137882
83247
8138
1254094
77
75605
35955
1318897
480447
418287
227548
1041029
623829
165756
10287655
760359
465449
1517
46
11512235
5850093
172
1903033
629679
86564
1779902
192830
717911
60
17213
652787
213680
260462
2237899
65
78
420204
106632
402553
141290
692062
21739230
69
661147
21356
165639
316167
6507141
761456
8830
140172
564829
887920
272076
217567
160378
2237854
636563
597054
738494
631124
96
179328
15832698
17051418
262984
264700
419846
668872
77
1380751
69
6453
20627806
67
5969833
733918
17023157
14837840
56
780014
176025
231768
410180
587186
246756
203327
608315
143534
34015148
435821
5018595
698693
299393
1264257
5049
76
127272
560365
43131
1568019
18218
201642
5099
199513
88
676034
17763554
137154
490607
47214
648107
572852
1832637
172138
498551
60
1468940
46458
341535
135998
219191
202176
556857
135938
653249
500034
582822
55
15939
6237
374910
58362
658378
35029012
621592
4656393
634165
75987
288513
7923959
1625570
1661941
198572
89451
6381923
683733
8163
3108457
61
130724
243454
666795
1187367
635724
289335
80458
6027
1910223
899358
1189054
420169
214670
166220
1121780
0
331526
296471
85
28189047
1556968
1206485
64300
1739999
54
6931418
155666
72
1387824
74
1604721
65018
767378
2027077
437178
609069
4839881
186138
668359
1565736
256519
568716
628518
1767062
