0.097167
0.945238
15.000000
0.365175
0.110418
0.087316
0.356132
0.203178
0.106840
0.195497
0.496206
15.000000
0.553768
0.222718
0.104585
0.415601
0.107332
0.114588
0.654479
0.358670
0.363855
0.534134
0.478331
0.313932
15.000000
0.066916
0.119552
0.251134
12.176471
0.447799
0.110920
0.482968
15.000000
0.212078
9.464286
15.000000
0.546288
15.000000
0.217810
0.101371
0.198695
15.000000
0.396040
0.110935
0.594324
0.112575
0.138796
0.393659
0.099476
15.000000
0.102594
15.000000
0.398396
12.176471
0.093064
0.217945
0.559838
0.391860
0.354088
0.232693
12.176471
0.082406
9999
2.062338
0.104532
0.104497
8.548387
0.356132
0.064400
15.000000
0.118203
0.127826
0.322459
0.152481
0.780316
0.102021
0.701695
0.102698
15.000000
0.544635
0.106848
0.220947
0.438005
15.000000
1.743802
0.539326
0.106488
0.096822
0.104709
0.093584
12.176471
0.314470
0.362545
12.176471
0.700508
8.688525
0.133620
0.108132
0.182796
15.000000
1.935484
12.176471
9999
0.113304
9999
0.075306
15.000000
0.256375
15.000000
0.247483
0.102475
0.363855
0.099984
0.097370
0.131374
0.849003
0.380113
0.339839
0.204180
0.490623
15.000000
0.700508
0.105030
0.541326
0.498096
0.111315
15.000000
0.660754
0.421201
0.079023
15.000000
9999
0.220757
0.408548
0.176213
0.111746
12.176471
15.000000
0.365991
0.159389
0.119442
15.000000
0.099838
0.552571
31.000000
0.251660
0.524038
0.065614
0.069746
0.392417
0.082967
15.000000
12.176471
0.106848
0.498096
0.081534
0.364927
0.080031
15.000000
12.176471
0.326916
0.430263
0.095850
2.062338
0.097277
15.000000
0.310394
15.000000
0.392857
0.132931
2.479042
0.311577
0.075368
9999
0.373994
2.062338
12.176471
0.844000
0.076446
12.176471
0.094362
0.094983
0.107360
0.200722
12.176471
0.481504
0.098388
0.056637
15.000000
0.096081
0.330756
0.058816
0.630021
15.000000
9.814815
0.477947
0.402216
15.000000
0.393399
15.000000
0.103040
0.109000
0.495830
0.108037
0.107044
0.129484
0.323437
0.267552
0.185994
15.000000
0.412351
0.110911
20.666667
0.178374
0.069960
0.151825
0.086932
0.065236
0.127580
0.334041
0.716320
0.430263
0.500695
0.092838
0.435657
0.106720
12.176471
0.332051
0.138067
0.106892
0.348270
0.471146
0.363199
0.098418
0.204665
0.553389
15.000000
0.074936
12.176471
0.105317
12.176471
0.471519
15.000000
12.176471
0.971429
0.743034
15.000000
0.065797
15.000000
0.553389
0.092415
0.477182
0.070858
0.413793
12.176471
0.104608
0.090878
0.588148
0.116070
0.111151
31.666667
0.557009
0.156948
0.436416
0.105986
0.087996
15.000000
15.000000
0.323687
0.302080
0.342984
0.451777
0.392463
0.127611
0.122538
9999
0.381040
9999
0.363855
0.067923
0.483696
0.401806
0.087007
15.000000
0.113184
0.069993
15.000000
148.000000
0.085634
0.102163
0.193414
0.082183
0.406081
0.105344
0.171642
0.557545
0.117157
0.767606
0.432468
12.176471
0.319859
0.107831
0.334527
15.000000
4.366812
0.098385
0.492099
0.136302
8.833333
0.099619
0.101950
0.465969
0.707088
0.109177
0.182875
0.110361
0.192339
0.285185
9999
0.150430
0.557710
0.641140
15.000000
0.312281
0.496583
0.076172
0.327017
0.543300
0.306468
0.395641
0.553299
0.063162
0.110664
0.462725
0.076013
0.094770
0.430263
0.266898
12.176471
0.150549
0.318854
0.083577
0.313932
0.092446
0.109794
0.119453
0.097226
0.375315
0.391489
0.358324
0.078134
0.105416
15.000000
12.176471
0.544790
0.279681
0.628692
15.000000
12.176471
0.468922
9999
0.247483
0.164225
0.097455
0.371215
0.103013
0.380113
0.110446
0.141848
0.105961
0.166896
0.365175
0.117529
0.312453
0.138808
1.743802
12.176471
15.000000
0.073040
0.281742
0.553768
0.430179
0.495830
0.109362
10.000000
0.103239
0.075825
0.110792
0.363199
0.636852
15.000000
0.545455
0.096822
148.000000
12.176471
0.276290
0.123318
15.000000
0.691332
0.106932
1.935484
15.000000
0.314184
0.063516
0.362545
15.000000
0.105895
0.094617
0.137736
12.176471
0.394474
0.353896
0.631888
1.935484
0.450918
12.176471
0.315429
0.369283
0.201685
0.104101
0.779085
0.090244
12.176471
0.549591
31.666667
0.317814
0.104109
0.061604
0.216499
0.099543
9999
0.554517
0.127946
0.362545
31.666667
12.176471
15.000000
0.424547
15.000000
0.497717
0.248950
0.550832
9999
0.125213
0.416492
0.103212
0.294680
0.250448
0.227283
0.110769
15.000000
0.094228
0.369193
0.265953
0.550505
0.634218
0.110531
0.090816
0.068543
0.277707
12.176471
0.074686
0.174088
0.196713
0.649540
0.263704
0.066061
15.000000
0.556250
0.452200
31.000000
12.176471
0.553299
15.000000
0.093097
0.926346
15.000000
2.274678
0.702886
0.096156
0.106352
0.697576
0.092142
0.096354
0.101791
0.552876
15.000000
31.666667
12.176471
0.691332
0.121030
0.406081
0.132405
0.187998
0.421788
12.176471
0.652612
9999
0.368128
0.282732
0.072056
0.183773
31.666667
9999
0.065142
15.000000
15.000000
0.496206
0.195412
0.699915
0.156660
0.097967
0.309744
0.336538
0.134004
0.504241
0.139272
0.076100
0.118381
0.103013
15.000000
12.176471
0.702886
15.000000
0.589844
0.404453
0.102021
1.450122
0.103307
15.000000
0.106858
15.000000
0.423575
15.000000
0.434492
0.259697
0.098016
0.071454
0.535338
9999
15.000000
0.085975
0.173081
0.095621
8.548387
0.104408
9999
0.301309
15.000000
0.409578
0.402902
0.268925
15.000000
0.135427
0.125032
0.161478
9.298246
0.102234
15.000000
0.307236
0.081642
0.096180
0.091901
0.238446
0.123502
0.250112
31.666667
0.081422
15.000000
0.093494
2.292308
0.136620
0.173077
0.095744
0.106334
0.421201
15.000000
0.416226
1.935484
15.000000
0.409006
0.130214
0.632495
0.081329
0.068459
15.000000
15.000000
0.414186
0.095930
0.074711
0.362545
0.106215
12.176471
15.000000
0.087073
12.176471
0.072182
9999
31.000000
0.430546
0.214344
0.259716
0.341323
0.249440
0.109516
0.367620
15.000000
0.326673
15.000000
0.082629
0.136983
9.464286
0.111322
12.176471
0.104328
0.450633
0.148315
15.000000
0.278997
0.321167
15.000000
0.097424
0.434202
0.363855
0.096664
15.000000
0.226587
0.182190
0.105173
0.112191
0.247483
0.138090
0.106905
0.187304
15.000000
0.495830
0.630688
0.358670
12.176471
0.065770
0.215809
0.702290
0.186794
0.365175
0.484947
0.206352
0.367024
0.102172
12.176471
0.431607
15.000000
0.407779
0.363855
0.076100
0.105398
0.763127
0.073135
0.096602
0.476591
9.636364
0.398537
0.399756
0.076084
0.473016
0.168903
0.108103
12.176471
15.000000
0.107990
0.105407
0.231511
0.078692
0.431756
0.101362
12.176471
0.295182
2.822967
0.539159
0.103195
0.162639
0.093623
0.095548
0.079494
0.095507
0.111634
2.662890
0.363855
0.705882
0.430464
0.413854
15.000000
12.176471
0.091757
15.000000
0.700508
0.426019
0.552832
0.438757
0.419718
15.000000
0.549815
0.180632
0.092443
0.381040
0.184535
20.666667
0.552832
12.176471
0.277838
0.113863
2.062338
0.415301
15.000000
0.289274
0.245770
0.097774
0.197362
0.313846
0.084963
0.496206
0.704082
0.222581
0.450918
0.320999
0.073898
0.405743
0.064789
12.176471
0.092966
0.076958
0.616166
0.448928
0.104191
0.633452
9999
0.395029
0.104117
0.085130
12.176471
0.246708
0.102128
0.392881
12.176471
0.247483
0.415663
0.372150
0.490991
0.072158
0.127752
0.378911
0.119143
2.841328
0.771623
0.111831
0.119630
0.078088
0.104836
0.104789
0.089948
15.000000
15.000000
0.089711
0.092310
0.356132
0.064374
0.660754
0.124780
12.176471
1.743802
0.081744
12.176471
0.077940
0.549815
0.102398
15.000000
0.113093
0.392463
0.288931
0.363379
12.176471
0.393349
31.000000
0.453794
0.085207
0.189518
0.071099
0.355330
0.647273
0.368968
15.000000
0.500383
0.365175
0.282713
0.417659
15.000000
12.176471
0.763127
0.079869
0.330614
15.000000
0.201470
0.106858
0.429326
0.699915
0.067742
15.000000
0.126512
0.363199
0.659945
15.000000
12.176471
0.247483
0.451857
0.084970
0.512941
12.176471
0.083627
0.102270
15.000000
0.363199
0.333622
0.099013
0.556489
15.000000
0.077559
0.477182
0.381877
12.176471
0.605119
0.078002
0.076773
0.117863
0.106932
0.075429
0.630688
0.102455
0.189338
0.711009
0.070533
0.063733
0.247483
15.000000
15.000000
0.340426
0.698734
0.332051
15.000000
0.112937
0.365175
0.101669
0.329821
0.102256
0.067378
12.176471
0.076606
0.248994
0.363855
0.254459
1.743802
0.081130
0.067906
0.060016
0.492470
0.960352
15.000000
0.073398
0.821340
0.096381
0.101012
0.239811
0.095670
0.114873
15.000000
15.000000
0.158263
15.000000
0.239811
0.308345
0.632696
0.470277
0.093776
0.090839
0.630021
0.094947
0.176635
0.762238
0.072007
0.207245
9999
9999
0.104042
0.142882
0.097574
0.063895
15.000000
0.545788
0.076737
0.311688
0.422378
0.131757
15.000000
15.000000
15.000000
15.000000
15.000000
0.066021
0.550323
0.164460
0.112139
0.113224
0.903315
0.133898
0.103656
0.392463
0.096040
0.543300
0.133920
0.181067
12.176471
12.176471
0.252214
15.000000
2.118110
12.176471
0.107893
15.000000
0.065340
0.080078
0.477947
0.094794
12.176471
0.320432
0.195918
0.367232
0.247483
0.097967
9999
0.115060
15.000000
12.176471
0.158205
0.096322
0.304860
0.705882
0.553389
12.176471
12.176471
0.066614
0.078144
0.102412
0.309682
15.000000
0.138603
0.067982
0.113660
0.132946
15.000000
0.358522
15.000000
0.125583
15.000000
0.554237
0.093309
0.107342
15.000000
0.498096
12.176471
31.666667
0.756856
0.314184
0.348339
9999
0.098926
12.176471
0.105642
0.112547
0.104078
0.849003
0.142013
0.398537
12.176471
0.495082
0.073131
0.407263
0.533662
0.308345
0.113923
0.255031
0.094938
12.176471
0.095515
0.380113
15.000000
22.666667
15.000000
15.000000
9999
0.101862
0.093989
0.161146
0.108303
0.410613
0.411321
0.166667
0.085166
0.346810
0.678279
0.112104
15.000000
0.378522
0.415867
0.366821
0.103672
15.000000
12.176471
12.176471
0.267512
0.412276
0.300368
0.332051
0.095629
15.000000
15.000000
0.700508
0.090282
15.000000
0.440092
0.101164
0.122538
0.089196
0.061818
0.320825
0.553768
0.130928
0.239494
0.357185
9999
0.451204
15.000000
0.465359
0.113634
0.068862
0.351830
0.554707
0.342482
0.107962
0.100024
0.101206
0.136792
0.698734
0.552876
0.338664
0.066736
0.097184
12.176471
0.108056
0.358720
12.176471
0.362545
2.292308
0.291505
0.170616
0.103828
0.105560
0.676319
0.082212
0.101951
0.111524
0.102905
0.104500
0.065617
0.101924
15.000000
0.763127
0.085001
0.181631
0.065185
0.101915
0.505942
0.107943
0.177847
0.098982
0.467059
0.176361
9999
0.279639
0.106494
0.397892
12.176471
0.310837
0.434202
0.554237
0.279898
0.347317
0.559944
0.094721
0.556122
0.102706
0.104845
0.226564
0.660754
1.935484
0.522174
0.363855
12.176471
0.317606
0.410354
0.121571
0.628030
0.413223
2.458647
12.176471
0.165962
0.553389
0.069778
0.069909
15.000000
0.064508
0.246776
0.247483
12.176471
0.100324
0.105308
15.000000
0.247483
0.306764
0.559932
15.000000
0.096032
0.203913
0.336420
0.323620
0.113345
0.106390
0.551433
0.112547
0.353323
0.101677
0.366821
15.000000
15.000000
12.176471
0.123198
0.546288
15.000000
12.176471
14.066667
0.145687
0.705281
12.176471
0.091566
0.452063
0.221545
0.075331
1.966173
0.560411
0.073234
0.086004
0.356132
0.083325
0.362545
12.176471
0.292711
0.275393
0.118868
0.247483
0.135920
0.406504
15.000000
0.381040
31.666667
9999
12.176471
15.000000
0.116459
0.443972
0.094187
9999
0.073547
0.358670
0.628030
0.151521
0.139335
15.000000
0.114621
12.176471
0.323594
0.540212
15.000000
5.787611
0.183169
0.105335
0.069401
15.000000
0.179832
0.116162
2.062338
0.077314
0.079003
0.115545
0.363199
0.134159
12.176471
15.000000
12.176471
0.305205
0.389286
12.176471
15.000000
0.231370
0.347883
0.480320
0.380032
0.090324
0.306894
15.000000
0.106581
0.247483
9999
0.443902
0.096931
0.060079
0.099383
12.176471
0.273144
15.000000
0.088493
15.000000
0.553299
0.865079
0.504657
0.418426
0.365175
0.353242
0.983923
0.278997
0.073229
0.380113
0.496206
0.551899
9999
0.284765
0.458763
0.465664
0.106324
0.245458
2.292308
0.221880
0.654479
0.083003
0.372225
0.129448
0.389610
0.065270
0.444293
0.261062
0.960352
15.000000
0.702290
0.152560
0.396540
0.123576
0.140028
0.111035
15.000000
0.099220
0.082414
0.700508
0.142600
0.094331
0.135637
0.492841
0.316514
0.322556
20.666667
0.352021
0.719192
0.488253
12.176471
0.385654
12.176471
0.072176
15.000000
0.678652
0.465954
15.000000
0.632025
0.282063
0.094331
0.259292
0.094641
0.092418
0.096956
0.422082
0.089814
15.000000
12.176471
15.000000
0.164407
0.104505
0.363199
0.446395
0.115868
0.398235
0.094593
0.101009
0.354762
0.106274
9999
0.323851
0.103004
0.100728
0.673527
0.281639
1.286645
0.181778
0.365175
0.404954
0.432540
0.421199
0.068031
0.452200
15.000000
0.385439
15.000000
12.176471
0.422395
0.217184
0.084811
0.141705
0.247483
0.450276
0.183464
0.092415
12.176471
0.100179
0.136144
0.101977
0.498476
12.176471
0.104382
15.000000
0.392304
15.000000
0.074985
0.093224
12.176471
0.074233
0.068013
0.092290
0.356132
0.638864
0.381040
0.122106
12.176471
0.087693
0.101818
0.686620
0.100076
0.073026
0.302178
0.257419
0.363855
0.629356
0.107336
15.000000
0.630688
0.061327
0.255845
0.100875
0.098162
0.250168
0.363199
0.098724
0.515246
0.101379
0.091522
0.492470
15.000000
0.235674
0.363199
0.101555
0.096552
0.085167
0.096412
0.091832
0.112299
0.700508
0.095801
15.000000
0.080292
0.363855
0.221607
0.110111
0.223343
31.666667
0.079896
0.171134
0.554237
15.000000
0.107146
0.282889
0.551433
0.088338
0.329935
0.060159
0.402477
15.000000
0.450918
0.218653
0.179670
12.176471
0.092481
0.281639
0.092254
0.220820
0.221988
12.176471
0.397522
15.000000
12.176471
0.095732
0.258686
0.420607
15.000000
0.069673
12.176471
0.107291
0.410804
0.107109
0.110775
0.395225
2.062338
0.130098
0.572928
0.060767
0.093550
1.966173
2.646048
0.293245
0.520656
0.092200
0.082797
0.093348
0.356974
0.183232
15.000000
0.407557
0.115306
0.065237
0.079585
0.069366
0.148501
0.646098
0.302596
0.626709
12.176471
0.474499
0.105218
15.000000
0.081931
0.099902
0.400807
0.363199
0.092021
0.098264
15.000000
0.181101
12.176471
0.090023
0.131669
0.114165
0.418393
0.105200
0.647273
0.108657
0.172352
15.000000
0.550323
0.341032
15.000000
0.334041
0.183980
0.498096
15.000000
0.299126
0.479784
0.102234
9999
12.176471
0.105240
0.068566
15.000000
0.411299
0.108018
15.000000
0.564263
0.111069
0.060799
15.000000
0.276557
0.919390
0.128749
0.690602
0.481422
0.143136
0.467498
0.100032
0.162789
0.132239
0.083849
0.498476
0.062599
0.467532
0.098280
0.415301
0.108919
2.292308
0.566879
0.106923
0.217672
0.080796
0.188290
0.380113
31.000000
15.000000
0.767606
0.273574
0.223215
0.109097
20.666667
0.185601
15.000000
31.666667
9999
0.060233
2.062338
0.554707
0.165979
0.473768
0.704082
0.105129
12.176471
0.105058
0.091934
0.102225
0.111881
1.159091
0.134666
0.729753
0.627368
0.124933
0.235928
0.554237
0.076100
12.176471
0.365175
0.188543
0.416201
0.549815
0.465664
0.122799
0.312620
0.201685
15.000000
0.393659
0.320033
0.204329
0.130183
0.346691
15.000000
0.289389
0.581461
0.267625
0.103508
0.209992
0.082355
0.073935
0.101179
12.176471
9999
0.102305
0.096596
0.408291
0.417128
0.661157
15.000000
0.116847
0.383866
2.292308
10.000000
0.636282
9999
0.180763
0.105066
2.458647
0.411392
0.223902
1.935484
0.359738
12.176471
0.106766
9999
0.087600
15.000000
0.105066
0.083516
0.402130
0.119574
0.390107
15.000000
0.128903
0.053910
0.572928
0.520118
0.174529
0.551899
0.419718
15.000000
0.097804
0.380113
12.176471
15.000000
0.378209
0.130296
0.135778
0.351830
0.095662
0.631888
0.263640
0.101840
0.098791
0.112986
0.365175
0.108141
15.000000
0.432254
0.229152
15.000000
9999
0.108036
0.549815
0.356132
0.112312
12.176471
0.259118
0.823077
15.000000
9999
0.380012
0.215619
0.517066
0.079021
0.486486
0.396013
0.070764
0.101824
0.358553
0.127599
0.127089
0.710730
0.501056
0.597403
0.381380
0.402398
0.496960
15.000000
0.373823
15.000000
0.090832
0.194494
0.116178
0.275197
0.491729
0.373531
0.104151
0.443255
0.086555
12.176471
10.000000
0.186720
12.176471
0.550832
12.176471
0.063454
0.198941
0.551433
15.000000
0.452646
0.407775
0.065245
0.097804
0.473768
0.185389
0.406758
0.207915
0.413380
0.099108
0.088659
0.636073
0.557009
0.703483
15.000000
12.176471
0.328956
0.061154
0.094155
0.098982
0.102945
0.247483
9999
0.123299
10.600000
0.406480
0.208808
0.098177
0.110683
0.104745
0.430263
0.185676
15.000000
0.601103
0.576402
0.097209
0.232099
0.699324
12.176471
0.088410
0.359310
0.368742
20.666667
0.415335
15.000000
0.232488
0.149493
15.000000
0.537313
15.000000
0.358670
0.356360
0.099924
0.849003
0.104628
0.444994
0.100521
15.000000
0.646098
0.091963
0.434220
0.240354
0.545788
0.134391
31.666667
0.106674
0.115493
0.501262
0.550323
15.000000
0.542270
0.381040
0.110117
0.106324
0.133504
0.098251
0.408548
0.280075
0.179698
15.000000
0.084771
15.000000
0.071869
9999
0.550323
0.295260
0.091217
0.544790
0.110853
15.000000
0.067582
0.101248
0.091954
0.468185
0.111978
15.000000
0.098886
0.131327
0.400735
0.099104
15.000000
15.000000
0.106495
0.106914
0.100305
15.000000
0.101807
0.120589
0.093942
0.630688
0.089171
0.117214
12.176471
0.100880
0.301575
15.000000
0.098303
12.176471
0.373270
0.113294
0.370538
0.119530
0.311751
0.110414
15.000000
9999
0.127224
0.378120
0.220757
0.114611
9999
0.086708
0.471519
0.098328
0.560892
0.170142
0.485344
0.415042
0.562882
0.363199
0.076283
15.000000
0.445640
0.220762
0.100711
0.075141
0.435472
10.000000
0.659341
0.084173
0.100102
0.332051
0.208797
0.079529
0.426036
0.358670
0.675615
15.000000
0.138496
0.637422
15.000000
0.700508
0.361870
0.107905
0.398537
0.060096
0.125016
0.396540
0.491729
2.062338
0.422287
15.000000
15.000000
0.091348
0.108377
15.000000
12.176471
0.171593
4.366812
15.000000
0.363199
0.316248
0.430732
0.182899
15.000000
0.347656
0.140140
0.103671
0.523529
0.087784
0.627368
15.000000
0.108132
0.091204
0.072794
0.441962
0.561373
0.109717
0.432468
0.435331
0.139160
0.099022
0.105687
0.081677
0.359036
0.094466
0.555650
0.300000
15.000000
0.247483
0.113771
15.000000
0.401967
0.630021
1.159091
1.531008
0.060828
15.000000
1.935484
0.108379
0.106508
0.210173
12.176471
0.114407
15.000000
0.365175
0.332051
0.107707
0.208226
12.176471
0.107192
0.067666
0.162026
0.097648
15.000000
0.088392
0.059779
0.226939
15.000000
0.290019
9999
0.131952
0.258681
0.392463
0.203492
0.415871
0.251233
0.374805
0.111687
0.097299
2.062338
0.610300
0.332051
0.095588
0.192918
0.104559
0.104479
0.080475
0.129757
0.108047
0.428657
15.000000
0.423295
31.000000
1.743802
0.161595
0.105624
0.100866
0.113403
0.128329
0.214266
0.658974
0.182417
0.351830
0.072342
0.096990
0.186414
12.176471
0.081539
0.159785
0.515571
0.524687
0.406634
0.329341
0.106425
15.000000
0.096695
0.397849
0.247483
0.107267
0.097950
0.419718
0.099299
0.246879
15.000000
0.367439
0.108718
15.000000
0.247483
0.111370
0.227618
0.403226
0.414753
0.130058
0.204117
0.105471
0.078105
0.385116
0.105479
0.094900
0.109884
0.095883
0.500383
0.106396
0.167724
0.139366
0.313218
0.448040
0.190825
0.081996
0.120290
0.091602
0.323394
0.238538
0.107594
0.393659
12.176471
0.247483
14.066667
0.247483
0.114122
0.445030
0.589844
0.358670
0.417075
0.692887
0.073870
2.062338
0.092568
0.295525
0.363855
0.084571
0.103971
0.190275
0.258589
0.392287
15.000000
20.666667
0.111794
0.180743
0.076293
0.067193
31.666667
0.465664
15.000000
0.098525
0.492470
0.174885
15.000000
12.176471
15.000000
0.105669
0.633745
15.000000
0.281931
0.630021
0.292162
0.308741
0.767606
0.265953
0.108122
0.097217
0.112152
0.107924
0.553389
0.485062
2.062338
0.122095
15.000000
0.426230
0.387925
0.126369
0.178039
0.084616
12.176471
0.105669
0.111159
12.176471
0.088886
0.094569
0.387575
8.688525
15.000000
0.125973
0.224497
15.000000
0.072912
0.104532
0.399154
0.060382
0.070348
0.065522
15.000000
0.081697
0.101432
0.678652
0.308345
0.092953
15.000000
15.000000
0.045943
2.292308
0.483081
0.630688
0.110645
0.094519
15.000000
0.089876
0.161977
12.176471
0.518195
0.216501
0.102941
0.085734
0.630688
0.101906
0.091935
0.092838
0.164453
12.176471
0.108690
0.109473
0.370877
0.098492
0.104320
15.000000
0.231420
0.076147
0.119497
12.176471
0.294479
0.647862
0.104258
15.000000
0.140577
15.000000
0.363855
60.250000
15.000000
1.677282
0.099308
0.119497
0.074255
15.000000
0.104745
12.176471
0.216368
0.637422
0.105164
0.543396
0.336722
0.103185
0.625393
0.113806
0.120756
0.102637
0.079571
0.249438
0.138211
0.365175
15.000000
0.347487
0.161248
0.416961
0.086649
0.451204
0.247483
0.363199
0.554237
15.000000
0.099881
0.074969
0.629356
0.070665
0.133889
0.107999
0.063036
0.047148
12.176471
0.165546
15.000000
0.113995
0.181778
0.179810
0.640860
20.666667
0.154490
0.470774
0.642241
0.105560
0.350755
0.107829
15.000000
0.960352
0.365175
0.309013
0.417952
0.092102
0.195074
0.100711
0.078953
0.124923
0.452646
0.094193
0.047684
0.070253
0.114397
0.495830
0.313068
0.087818
0.092343
0.305893
0.078309
15.000000
0.479638
0.458015
0.099560
0.100780
0.102154
0.265953
0.606593
0.321526
0.131268
0.359524
0.099249
0.083092
12.176471
12.176471
0.113231
9999
0.334041
12.176471
15.000000
0.103131
0.086397
0.092294
0.120206
0.187450
15.000000
9999
2.292308
15.000000
0.102296
15.000000
0.130321
0.368606
0.112036
0.131526
0.152697
0.098303
0.083460
12.176471
0.094052
0.069650
0.161695
0.267569
0.101898
0.203416
