19
11
2
10
22
34
10
41
21
18
11
2
11
17
21
11
21
27
15
10
10
12
10
14
2
135
22
12
7
12
22
11
2
99
9
2
10
2
32
20
16
2
12
25
12
23
27
10
20
2
21
2
10
7
18
13
14
14
11
34
7
139
1
11
21
21
9
10
441
2
23
20
14
25
6
20
14
20
2
10
22
13
11
2
7
12
72
19
21
2440
7
14
10
7
14
9
67
21
16
2
8
7
1
22
7
120
2
19
2
13
20
10
21
19
27
10
10
20
30
11
2
14
21
10
11
9
2
10
10
43
2
1
13
11
15
23
7
2
11
29
22
2
22
12
2
12
11
147
123
14
31
2
7
22
11
47
12
49
2
7
13
11
19
11
19
2
11
2
14
24
14
11
58
7
10
11
7
7
94
7
19
32
21
13
7
11
137
71
2
19
13
24
10
2
9
10
16
2
10
2
20
20
11
21
21
23
14
13
35
2
14
23
2
99
67
32
16
160
22
16
11
11
12
56
11
21
7
10
25
22
15
10
10
20
101
10
2
46
7
21
7
10
2
7
5
10
2
1518
2
10
42
10
71
12
7
20
18
11
16
48
3
10
22
10
21
18
2
2
10
14
13
12
10
25
16
6
14
2
10
134
12
12
28
2
22
317
2
4
234
20
30
45
14
21
14
11
203
11
11
7
6
13
11
2
14
20
11
24
9
20
196
12
14
22
16
22
16
13
1
35
10
12
2
12
11
51
10
10
15
16
11
170
22
10
1882
20
11
13
7
25
12
78
14
42
20
22
19
10
14
11
29
21
2
7
10
10
10
2
7
10
1
13
32
19
16
20
10
22
16
67
24
10
24
14
27
7
7
2
47
13
11
11
11
22
9
20
43
25
10
12
2
11
20
4
7
12
22
2
11
21
8
2
15
1123
10
2
21
19
19
7
14
11
12
8
12
7
14
11
13
15
10
47
7
10
3
5
21
994
35
20
2
12
25
10
3
7
2
7
2
11
19
10
2
28
10
20
13
19
17
50
2
61
10
10
11
12
22
18
48
11
7
20
22
13
41
12
295
2
12
10
2
7
11
2
18
9
2
36
14
19
21
11
18
19
40
10
2
3
7
11
22
14
23
28
10
7
12
7
10
10
76
18
3
1
102
2
2
11
15
14
27
19
10
13
25
11
29
43
29
20
2
7
14
2
10
11
20
10
21
2
21
2
11
2
11
16
20
56
12
1
2
21
15
19
9
21
1
16
2
11
16
13
2
25
28
16
9
20
2
14
151
19
42
12
23
19
3
265
2
19
10
26
14
19
19
10
2
16
8
2
11
24
11
34
51
2
2
11
20
121
10
22
7
2
203
7
81
3
1
11
419
23
12
17
28
10
2
11
2
183
19
9
22
7
22
12
19
2
12
386
2
20
11
10
26
2
48
12
21
25
13
12
21
15
2
11
10
10
7
103
17
14
12
10
10
20
11
20
7
11
2
11
10
43
21
11
86
76
11
9
11
11
46
10
16
21
7
2
21
21
12
51
11
41
7
18
20
11
22
25
18
20
24
19
36
16
10
14
11
16
2
7
42
2
14
10
11
12
10
2
10
15
81
14
65
6
11
7
13
22
11
14
2
18
15
56
13
5
87
11
14
14
12
12
57
11
375
7
61
52
43
12
32
12
1
10
21
347
7
12
20
10
7
13
14
10
11
239
24
11
18
13
11
28
22
157
22
21
37
2
2
1703
18
10
44
10
23
7
7
25
7
707
10
21
2
17
10
13
13
7
14
1
10
22
9
73
13
12
10
2
11
10
42
10
2
7
11
46
13
2
33
21
11
14
91
2
16
10
12
2
7
13
10
23
11
7
90
20
2
10
13
21
10
2
2900
10
16
7
11
51
54
23
21
34
10
46
25
13
64
171
13
2
2
12
14
10
2
22
10
20
12
51
96
7
189
20
10
27
7
22
70
1698
11
11
2
171
11
94
66
12
19
24
2
2
226
2
12
11
10
12
19
18
10
19
15
9
212
16
1
3
37
14
19
680
2
10
54
12
10
26
2
2
2
2
2
21
10
16
42
22
9
15
232
10
19
10
16
16
7
7
12
2
9
7
24
2
309
1099
10
19
7
12
12
11
13
19
1
23
2
7
25
20
7
14
10
7
7
95
55
23
15
2
25
191
38
25
2
11
2
22
2
11
91
21
2
11
7
3
14
15
11
1
21
7
22
23
22
10
25
11
7
10
44
5
11
11
22
18
61
7
19
10
2
2
2
2
7
20
19
10
21
11
11
7
46
12
11
22
2
12
11
12
19
2
7
7
15
12
18
10
19
2
2
14
64
2
27
21
16
18
238
13
11
23
18
10
1
12
2
12
32
63
10
11
15
21
21
21
24
14
10
12
166
19
7
21
11
7
10
10
48
14
21
21
11
631
20
22
20
14
161
20
2
11
37
30
85
20
10
21
26
38
11
28
3
17
69
10
7
11
11
11
13
18
11
57
11
24
22
35
10
8
14
10
7
14
11
32
10
11
11
7
14
10
76
113
2
442
12
13
7
20
21
2
13
12
11
2
19
15
11
16
25
22
11
23
11
20
12
2
2
7
23
10
2
7
7
32
14
7
93
12
34
51
13
11
426
79
10
200
10
7
14
13
25
13
20
11
2
14
3
7
7
2
22
14
19
2
298
10
10
26
23
2
28
7
15
12
2
11
18
21
53
2
28
14
11
82
37
16
10
24
7
2
7
10
11
7
2
13
18
12
16
55
14
2
21
13
7
9
19
1452
20
7
10
2
177
2
11
11
10
11
10
14
5
12
499
10
11
11
3
14
12
12
21
11
10
17
15
38
11
25
12
209
11
12
11
2
14
15
10
29
28
22
2
102
86
14
45
18
23
11
14
14
6
18
12
39
7
14
7
1115
2
10
14
2
10
10
210
15
19
76
19
10
287
2
7
2
16
20
10
12
28
19
19
22
10
27
7
6
20
20
12
13
11
14
10
11
11
10
320
10
2
12
2
7
10
16
38
27
13
87
13
42
7
20
24
20
11
7
21
2
14
2
22
119
7
78
160
42
10
10
14
14
7
112
20
22
27
93
12
12
10
10
22
2
10
680
13
20
21
19
10
33
14
20
30
11
2
59
10
21
20
46
50
35
22
14
19
2
35
10
34
28
13
3
47
18
11
2
21
16
11
35
12
108
11
2
12
7
31
7
42
13
18
13
47
7
13
2
7
123
15
10
2
53
7
22
11
21
25
10
11
22
9
33
88
13
26
12
11
42
43
20
10
18
2
10
30
160
23
167
18
12
15
10
7
14
21
2
36
31
10
10
42
21
2
22
7
19
29
22
14
21
12
20
19
2
10
15
2
16
16
11
2
11
12
20
3
7
535
160
2
6
21
2
12
20
894
2
10
7
24
11
10
29
12
21
27
25
99
11
1011
12
21
14
20
10
12
21
31
49
15
10
2
2
11
40
55
21
6
54
2
3
7
902
11
11
52
10
14
21
7
22
18
20
22
5
19
24
10
24
197
11
43
7
10
14
10
10
12
29
11
13
2
10
13
16
24
13
2
12
14
10
22
14
36
35
20
7
7
20
19
11
14
12
2
8
14
10
9
12
1
18
22
11
11
13
8
10
7
21
2
158
2
21
26
10
22
14
2
23
98
9
9
43
11
10
2
19
10
7
2
10
23
25
10
19
12
11
21
21
22
10
21
2
11
11
2
1
22
10
10
37
7
8
22
2
2
11
15
12
34
5
10
110
21
11
23
27
14
12
14
26
10
11
2
22
2
42
22
19
13
11
10
23
14
34
7
9
29
7
10
7
81
12
11
2
11
16
160
20
10
16
11
11
14
145
29
10
10
14
2
7
17
167
19
19
21
13
2
23
9
14
35
137
22
21
11
13
2
11
10
19
35
14
7
29
10
10
6
11
2
13
12
2
12
2
10
11
27
10
35
12
21
2
12
42
10
37
10
26
3
21
23
10
10
2
12
14
22
21
22
19
11
15
15
2
22
2
126
1
10
11
29
10
16
2
99
27
16
10
22
2
19
65
11
79
2
2
22
21
19
2
21
25
19
10
31
25
7
66
13
2
20
7
16
22
11
22
11
24
2
3
25
12
13
23
1
18
10
20
11
7
12
10
14
10
937
2
14
20
20
83
10
9
12
230
20
10
32
23
10
10
10
2
21
12
2
14
10
21
11
1445
28
10
11
11
12
2
2
18
26
2
7
15
14
2
10
11
12
107
2
18
25
21
12
38
10
2
21
55
99
12
11
13
11
14
116
38
21
70
10
19
11
11
2
13
26
2
11
10
5
11
842
2
8
21
21
31
7
32
2
10
10
21
15
7
21
86
19
29
2
35
1542
20
2
13
1
23
10
10
16
14
15
12
22
13
11
11
10
19
31
21
21
42
25
21
12
2
10
2
7
68
21
19
22
18
13
7
30
10
86
19
29
7
47
18
10
12
11
13
21
2
20
6
13
21
56
10
20
12
2
11
22
2
13
22
34
11
10
23
33
20
51
14
21
20
21
65
11
27
16
31
11
12
15
25
24
19
13
13
21
10
7
13
7
13
21
24
10
10
10
14
173
11
42
13
10
70
19
28
36
12
2
2
22
15
1047
173
3
12
2
20
11
29
2
7
2
21
10
2
12
10
12
13
11
10
21
19
32
21
10
14
11
24
2
11
10
24
7
30
7
21
22
7
46
19
14
9
2
24
37
2
58
21
16
235
108
131
2
50
20
10
11
54
2
2
152
10
14
10
22
140
2
18
16
7
12
39
20
44
10
20
120
56
20
7
36
22
10
20
20
2
13
1045
22
7
12
12
21
2
30
2
10
7
2
11
20
22
241
2
21
7
17
12
21
12
14
20
10
205
31
35
34
6
25
10
2
12
26
16
20
12
13
10
11
2
20
85
10
79
23
21
40
501
7
15
2
21
14
16
10
2
22
10
10
21
10
21
2
11
10
12
10
18
25
20
74
78
11
61
621
91
21
11
11
73
19
11
77
2
9
12
20
22
20
10
14
16
25
10
95
24
7
7
34
1
16
7
2
71
34
42
38
16
2
7
10
2
20
2
22
16
22
15
17
20
50
7
19
42
14
12
20
30
