392
319
346
2632
319
407
284
319
392
407
346
346
236
319
319
61040163
319
346
2764
319
301
7428
319
346
351
351
392
319
346
4032
407
346
1188
407
404
392
390
407
236
374
319
319
346
270
259
392
319
407
392
319
346
392
407
346
236
2880
392
319
319
319
404
319
407
351
319
392
392
407
392
319
319
319
407
392
319
392
323
346
494
310
240
236
323
227262
319
270
319
371
407
346
346
319
319
319
392
319
276
390
174222
323
319
323
319
236
319
310
404
440
407
319
259
407
392
346
392
323
236
404
274
348
404
319
276
323
407
319
236
319
346
319
816
346
392
319
367
346
407
392
346
392
407
248
236
319
346
392
319
259
319
392
988
538
259
319
324
319
397
392
392
229
392
1020
319
270
323
392
392
319
407
270
319
236
319
259
259
3948
407
392
392
392
344
392
323
392
351
319
319
407
319
272
236
404
407
319
319
545
1254
236
319
390
319
319
392
319
390
319
319
407
319
407
404
319
319
392
392
270
319
407
550
319
319
397
390
392
407
392
392
319
319
298
323
392
1020
346
323
248
974
319
346
319
432
392
348
236
323
319
319
319
323
236
407
392
319
288
319
270
390
319
348
248
319
319
346
258
270
220
390
236
319
346
349
407
319
392
642
349
319
1408
283
236
346
250
392
404
319
319
346
392
248
319
392
319
319
392
319
319
236
1316
236
351
270
114
346
392
319
346
114
392
392
384
392
346
392
392
346
392
160
407
2376
319
392
392
392
319
392
375
392
319
346
392
319
397
392
407
319
346
268
741
248
346
276
407
545
7457
392
371
392
392
390
348
392
2508
392
407
346
373
319
394
392
346
762
351
392
346
319
346
392
319
283
407
348
236
370
319
390
346
392
319
392
17177
319
349
392
319
319
248
392
256
319
346
367
319
319
319
448
319
346
270
274
323
407
404
319
319
319
319
319
371
392
236
319
12391
319
392
319
319
236
319
346
319
372
407
392
346
390
371
319
319
348
323
346
319
308
323
319
346
407
236
390
392
346
380
346
1316
319
319
390
392
346
348
346
346
346
349
319
392
407
319
348
392
276
407
392
319
392
319
323
392
316
392
319
392
319
392
392
319
392
346
392
319
390
319
364
392
319
1448
319
319
323
390
319
404
346
392
319
1614
319
346
741
364
392
319
319
392
346
392
390
319
392
346
319
444
545
319
319
392
319
392
323
392
319
1254
319
609
319
323
392
346
348
392
259
371
392
319
351
222
407
319
319
319
319
545
346
319
188
346
319
319
305
407
472
319
319
270
373
576
346
323
319
346
404
392
319
392
319
319
319
407
346
259
392
319
404
392
319
407
81494
351
404
392
220
236
3024
348
242
346
319
319
392
319
236
392
319
367
319
319
188
392
319
10168
407
407
348
319
407
353
252
188
407
188
323
319
236
319
319
319
392
392
349
274
319
392
319
407
259
346
407
346
1316
348
229
392
319
319
346
319
392
392
392
319
392
346
319
348
319
319
346
2764
346
392
319
392
407
319
319
319
319
319
589
319
319
346
351
319
392
392
392
392
319
346
310
392
407
346
2508
407
404
346
392
319
319
319
319
270
348
329
346
407
319
392
319
319
319
392
407
392
5528
265
319
319
392
3762
392
392
2764
319
319
319
2632
392
1254
392
319
323
323
319
323
407
407
270
407
404
392
319
407
3564
407
404
407
557
319
174
346
323
319
188
319
319
346
392
313
390
346
319
900
370
319
351
270
407
319
247
392
392
248
392
319
392
407
319
319
392
407
392
390
96
550
392
348
319
392
370
250
319
346
392
319
270
319
319
348
392
390
544
392
545
392
346
407
319
319
236
325
390
392
319
319
392
319
319
319
319
620
319
12391
346
390
310
319
351
188
270
319
319
319
319
236
1188
407
319
319
319
319
319
407
319
319
319
452
390
319
270
407
319
392
259
390
2400
319
319
371
323
407
348
390
319
346
319
319
506
392
392
270
270
407
268
392
2508
346
319
96
392
392
319
329
319
319
236
319
346
392
371
319
392
319
346
319
407
319
392
236
192
392
348
348
65690
404
609
310
624
270
319
259
351
319
390
392
392
325
236
270
188
392
348
188
346
319
250
256
407
768
407
392
323
346
346
236
308
319
390
346
4060
404
319
319
1728
329
390
319
319
390
323
319
319
392
392
407
319
319
988
236
390
319
250
319
323
319
392
346
259
293
319
136
346
346
319
392
407
407
390
472
392
407
392
613422
390
392
319
392
319
265
864
319
371
329
392
346
319
236
239
288
392
348
407
348
407
319
440
371
346
319
319
236
319
404
319
236
407
392
2764
346
192
319
392
3762
319
319
266
456
2764
319
323
3948
407
259
323
392
270
110
407
319
271
407
259
346
319
407
407
346
1152
319
912
407
236
160
319
346
407
323
259
319
392
319
319
248
407
319
545
407
259
323
262
319
319
346
319
404
407
319
270
236
319
123
319
319
250
319
407
349
392
346
407
319
319
392
392
319
319
407
346
392
346
270
374
319
346
319
392
91110
392
259
346
259
407
392
392
236
407
348
319
407
392
319
319
276
319
348
319
319
390
319
2632
407
346
312
323
319
270
319
319
236
392
319
404
323
319
323
348
319
259
407
319
319
319
346
407
407
392
407
319
392
319
248
346
236
247
236
407
367
270
2508
407
1320
392
319
259
319
188
348
348
297
392
346
323
319
2400
319
329
319
323
392
319
246
348
346
545
348
12391
319
392
259
348
259
319
2400
319
392
1758
259
319
407
319
397
404
259
248
319
2376
319
407
319
392
348
407
392
236
323
270
390
346
390
319
236
392
346
5016
46501
392
407
319
392
392
270
319
390
392
325
407
319
392
392
319
319
353
392
319
351
259
364
259
319
259
319
540
319
248
188
392
346
346
270
390
390
346
392
319
270
319
371
1254
273
346
319
392
390
346
346
2376
404
407
346
319
259
319
334
319
188
248
237
1472
319
270
325
392
319
236
325
2764
390
319
351
392
319
319
392
319
397
367
1382
392
346
346
2056
236
23341
268
319
404
392
2850
2304
407
392
1188
319
248
390
319
346
319
319
1254
390
407
346
407
324
323
319
392
319
319
319
319
346
392
346
335
2910
407
392
392
432
319
392
348
407
390
404
346
2850
236
1188
319
392
319
319
2376
270
319
407
392
404
236
324
390
346
407
390
319
392
392
304
259
319
270
274
346
54416
319
346
392
407
293
1254
407
319
4032
319
407
2764
392
392
319
319
440
392
407
407
407
407
816
319
319
367
319
236
407
390
319
270
392
236
407
323
346
319
3762
236
250
392
371
319
407
346
392
346
392
2508
351
392
392
319
170
319
348
407
319
319
319
319
96
236
319
346
319
319
319
319
319
319
236
319
407
319
248
319
319
392
319
236
319
397
392
3948
319
392
390
319
319
392
319
270
346
390
407
245
392
407
392
319
323
319
444
741
319
367
1188
384
229
270
259
319
323
319
283
319
392
346
392
319
270
2508
270
394
319
348
323
407
392
346
319
346
2850
319
250
319
407
346
319
404
236
392
319
334
319
407
319
110523
319
3948
392
297
392
392
5528
270
319
319
319
407
319
407
407
2764
319
319
407
407
319
407
236
319
319
346
367
392
319
319
319
319
304
346
250
371
392
346
2764
319
407
392
392
2400
407
392
265
392
346
9589
346
323
392
319
319
319
319
367
319
319
364
346
319
346
2376
392
392
319
392
407
392
319
407
346
1004
323
270
404
352
319
248
319
390
319
236
348
392
384
392
282
319
392
528
319
349
319
319
392
407
319
319
392
346
407
259
319
407
392
392
319
319
392
346
407
346
319
243
319
351
376
346
319
864
392
392
236
319
236
371
319
392
390
392
407
1382
319
392
319
2636
319
397
323
392
259
236
319
247
2632
270
352
319
371
319
319
346
319
319
348
346
319
392
392
407
407
110
323
392
319
407
367
319
346
392
346
218
390
319
236
392
319
319
392
319
392
348
254
319
392
319
392
323
346
392
319
407
392
348
2376
319
319
319
404
392
319
348
407
390
319
392
1316
259
390
319
319
236
323
346
319
236
319
283
2047
392
392
404
270
392
319
96
270
390
392
392
319
319
319
323
407
349
188
407
392
236
319
319
390
319
270
392
392
346
390
351
346
346
390
390
390
266
319
319
319
290
392
432
319
367
348
229
319
270
250
319
319
319
319
348
323
407
270
319
353
247
250
319
346
319
248
2896
346
323
348
392
407
392
346
348
352
351
2850
392
319
346
351
348
392
319
319
319
397
392
392
397
392
348
259
319
392
2850
390
392
390
236
268
392
392
407
319
319
440
1746
319
407
319
404
407
319
90
319
319
407
319
392
319
392
325
270
1188
392
407
392
346
270
319
392
334
270
188
323
392
353
319
392
348
392
319
319
319
392
346
7701
346
392
392
912
188
407
259
319
346
319
346
259
270
407
319
346
319
392
397
319
276
266
319
392
392
188
348
319
319
346
367
346
392
2376
392
319
346
319
407
319
392
259
407
346
407
392
384
319
392
319
392
259
390
319
570
288
741
319
367
319
319
236
390
319
392
346
319
407
276
319
348
392
323
353
238
319
323
323
319
392
390
188
250
270
392
374
407
1316
242
319
988
407
319
392
346
266
390
323
1252
392
626
319
270
9852
346
392
392
325
324
319
270
319
428
392
270
392
319
319
404
265
392
346
390
407
392
319
392
392
407
319
270
407
407
407
319
348
319
2508
392
270
319
348
319
323
407
371
392
407
444
392
407
319
404
248
319
348
316
444
319
392
319
390
319
319
319
259
319
319
319
248
248
371
266
259
392
319
323
392
270
346
346
319
270
259
319
319
319
407
367
432
407
392
19671
319
351
319
319
323
259
319
392
319
319
407
319
259
259
346
392
270
248
283
407
346
348
864
392
407
319
392
404
392
392
323
371
319
319
319
346
390
390
392
270
110
407
12391
392
407
319
319
262
319
392
392
407
248
270
572
346
319
346
319
407
276
348
265
319
392
346
346
346
323
323
319
311
319
392
432
259
319
319
248
319
1254
319
319
319
319
319
297
319
392
407
259
392
259
407
407
259
323
346
392
188
319
2508
229
319
248
323
319
323
319
404
346
392
348
390
407
346
319
323
407
259
259
323
319
392
407
392
392
346
319
404
319
323
407
2376
287
407
319
407
323
392
236
319
407
392
392
319
319
248
407
392
188
3024
390
346
392
392
407
319
346
392
259
259
348
303
329
319
346
407
319
319
392
356
170
392
323
407
297
392
270
352
392
319
319
259
319
407
319
319
319
392
319
319
407
299
323
259
346
319
392
392
283
323
346
407
392
270
407
346
319
392
346
353
407
319
319
346
346
319
346
346
407
160
310
407
319
392
319
392
407
392
319
319
270
392
351
392
324
259
404
241
392
319
392
323
346
319
392
390
390
392
319
319
392
390
310
236
319
392
319
407
259
492
346
319
319
238
392
404
392
392
283
346
346
319
319
188
392
346
392
259
392
392
392
319
236
346
352
319
390
319
236
407
319
392
645
319
319
342
346
346
348
319
319
392
266
319
323
545
392
392
319
407
346
390
392
392
392
392
319
319
404
392
2376
392
324
319
259
346
323
270
351
319
288
15520
319
392
392
392
319
265
319
319
346
319
392
319
319
334
259
319
319
319
319
390
319
346
319
407
346
407
392
319
319
351
494
407
348
2304
319
319
319
319
310
236
259
392
407
319
390
242
392
346
319
1252
392
236
407
407
319
392
256
392
392
319
390
319
392
392
266
2200
270
392
404
323
392
407
392
392
319
319
346
407
319
407
392
404
374
319
352
319
110
270
319
346
319
346
346
270
407
392
346
390
252
346
392
346
392
351
319
319
242
348
367
319
392
319
407
392
407
346
293
319
236
346
270
236
768
407
319
392
136
1728
407
407
392
319
319
545
319
346
392
319
319
1008
259
346
323
346
348
319
392
319
319
348
319
392
407
392
274
407
346
319
407
392
346
12391
432
319
346
390
576
407
2764
392
392
392
392
346
392
288
93
270
372
319
407
392
353
404
348
407
394
319
254
392
259
319
319
276
390
346
392
397
392
319
390
407
448
319
346
346
367
392
348
346
319
390
319
1382
392
397
346
236
346
319
319
392
319
407
319
2628
236
319
259
259
270
346
259
373
346
392
392
346
346
392
329
1254
390
407
351
319
392
392
236
319
319
373
404
346
392
432
319
348
392
319
346
392
256
319
319
392
392
259
2850
186
407
319
2632
392
325
308
407
319
392
407
407
2764
346
392
392
182
319
346
407
319
371
349
319
2632
346
323
346
319
346
1188
319
319
259
407
319
494
392
319
390
346
392
319
14097
392
407
346
392
346
227
392
392
256
319
348
4146
346
346
1316
319
349
392
19182
367
576
1254
319
248
404
407
392
407
319
404
407
319
346
264
348
2764
392
319
319
1026
7701
346
319
270
264
3564
188
346
392
392
270
319
319
348
392
319
319
319
346
2400
392
236
392
270
390
407
319
268
392
323
392
259
392
404
392
348
236
392
407
319
319
270
392
319
404
392
392
265
346
4146
250
319
390
319
346
319
392
392
348
324
392
712
394
392
319
319
259
319
319
390
319
2632
348
392
392
444
407
324
248
319
319
404
319
319
407
236
259
407
404
4146
407
259
319
319
407
392
323
392
392
348
319
319
392
394863
319
392
1728
329
348
390
346
319
324
319
346
319
392
270
170
319
392
96
265
188
270
456
2376
2508
545
236
348
270
432
407
259
259
319
236
392
371
832
192
392
319
346
12798
351
319
1318
397
323
249
325
390
319
407
259
346
407
1188
392
319
319
392
392
319
407
392
407
392
392
319
313
319
348
319
348
390
346
348
392
407
390
319
319
266
319
96
250
1728
392
319
96
407
348
392
319
2508
407
346
346
346
259
319
323
348
392
346
247
458
346
392
392
346
392
348
322
319
259
407
319
392
346
319
2400
392
407
236
392
346
392
390
346
392
392
218
392
346
407
259
348
319
319
353
392
390
346
392
346
319
319
545
349
392
259
236
319
390
319
319
392
392
244
319
392
407
642
319
319
348
346
259
319
407
236
319
270
390
248
392
407
407
319
392
392
407
319
282
407
348
346
392
392
346
319
323
392
392
319
346
319
392
407
392
390
392
319
390
319
172
392
252156
319
346
392
407
346
10134
248
392
392
323
407
319
392
319
349
272
236
344
259
346
392
392
392
407
407
319
319
284
319
346
346
319
319
319
270
319
319
319
392
324
319
305
236
376
319
319
988
268
346
319
325
236
374
390
371
407
319
319
319
346
392
392
392
1254
236
268
319
319
390
319
319
392
319
319
392
346
319
319
348
12391
346
323
258
342
392
319
248
346
1026
407
392
392
408
259
270
407
346
392
319
188
392
319
323
392
392
325
348
319
348
1316
256
259
390
392
1026
319
545
270
392
392
319
407
392
390
390
407
392
392
494
319
319
348
319
346
319
349
319
392
348
188
310
371
1824
392
392
319
319
392
276
319
310
242
407
323
392
392
390
319
346
392
348
259
319
392
293
407
319
642
1254
351
4208
323
242
319
346
312
259
2764
268
319
319
259
392
310
349
319
319
348
392
351
390
390
250
248
351
348
323
390
319
319
407
404
2764
392
392
270
407
392
364
346
314
319
407
248
1382
407
351
392
236
236
323
319
392
392
392
319
298
392
392
323
288
392
2376
392
323
407
291
367
2400
348
236
407
293
346
404
349
404
1152
346
407
404
310
346
236
371
407
407
392
270
259
319
392
270
407
319
392
346
351
404
319
392
319
346
346
352
310
407
392
259
346
392
392
371
236
407
392
319
346
346
319
392
370
319
390
864
392
319
319
353
319
392
392
309
407
2764
270
323
270
392
259
319
346
319
259
319
392
319
392
4752
374
319
1269
319
392
7764
270
392
392
392
392
346
392
259
319
346
270
236
351
407
392
407
392
392
407
1991
348
407
407
2376
407
392
319
319
319
371
392
242
2508
259
319
392
2400
319
392
319
160
392
270
319
319
12391
259
392
319
407
392
319
324
8730
319
319
392
319
392
620
319
236
392
319
259
407
371
319
346
346
319
319
319
319
346
407
390
2508
319
323
346
323
583
404
404
270
136
390
974
319
407
259
319
348
319
314
392
346
346
351
741
346
407
170
407
1320
390
392
407
407
270
319
392
319
1316
319
259
418
319
973
319
270
323
259
239
392
351
390
319
407
319
241
392
319
259
319
319
390
348
367
319
319
394
370
407
323
348
392
216
319
319
259
319
392
346
692
319
392
407
348
348
236
392
319
323
236
346
392
319
319
407
392
319
248
392
319
323
242
270
346
270
319
351
319
407
248
319
3762
407
270
407
407
319
236
319
259
407
407
76
392
323
353
319
319
1368
236
1215
319
392
392
319
319
310
407
346
392
319
236
323
545
2508
7200
346
319
270
1382
236
371
12391
351
319
348
319
912
392
371
390
323
404
351
319
2376
407
392
319
404
346
270
319
319
390
319
392
351
250
407
392
270
319
777
346
319
319
319
310
319
319
1318
323
407
319
989
392
