157
132
110
45572070
138
164
160
155
124
158
117
142
118
144
179
50413422
138
185
48364072
150
156895
47320856
150
126
115
166
160
88
149
8630762
117
186
47092079
156
146
122
176
133
121
149
108
139
140
108
104
123
128
165
144
152
148
147
157
197
112
40157565
149
122
127
151
156
138
144
121
130
145
123
166
127
104
156
133
171
152
152
131
133
140
233
140
15393122
102
137
3608660
152
113
117
121
142
165
174
133
148
135
147
164
134
115
48125832
123
151
142
142
159
136
156
138
167
159
164
96
141
166
150
172
124
95
175
601
139
184
116
1295
124
154
114
114
102
142
141
35458284
157
143
139
146
151
149
133
147
142
132
159
140
151
157
143
146
123
113
162
246
121
112
172
116
141
165
164
153
0
123
40001320
116
93
125
154
135
146
159
134
166
103
114
121
125
47216098
331
130
120
182
102
148
192
144
141
112
127
153
139
1094
126
167
146
159
121
15573
48496095
113
144
137
141
115
165
122
126
119
129
156
172
149
171
145
144
162
145
110
114
169
0
152
144
168
165
140
151
144
141
158
130
150
144
146
40001197
150
147
385
17650
177
136
147
154
168
156
113
128
115
139
144
126
124
163
138
137
158
152
117
154
116
162
924
141
117
144
104
123
100
163
91
150
167
133
161
149
145
40012824
143
173
37165702
182
109
142
178
151
152
141
152
176
107
115
120
155
157
132
133
151
166
119
47266514
115
271
117
0
137
148
133
132
0
142
152
6005087
128
125
184
191
142
159
17849
183
45612163
107
138
132
123
139
143
1451
180
124
157
149
135
167
138
154
135
150
124
519
181
164
619
153
691
45643393
149
144
143
114
157
134
114
48276741
125
184
133
125
216
152
149
167
254
158
145
126
144
145
143
120
141
151
159
123
178
155
145
171
155
110
154
42171434
147
143
110
168
164
105
122
138
166
172
146
117
131
151
29998789
161
141
89
130
151
160
181
144
183
103
96
149
146
164
103
153
7567261
145
163
122
154
109
145
151
163
20104965
172
150
167
157
137
146
184
153
154
162
121
117
136
144
115
167
116
116
173
150
192
142
47343952
148
142
155
124
145
153
125
155
142
140
125
152
182
151
159
155
126
150
149
148
126
152
143
154
153
146
108
145
135
148
150
143
145
139
145
127
159
136
189
157
146
50364087
118
157
152
62576
162
149
162
127
114
7668
143
147
229
194
125
118
139
145
129
142
153
141
106
149
145
100419
700
143
140
129
137
107
130
140
148
49192109
127
196
163
133
135
157
165
136
117
156
161
143
103
83
158
132
137
117
121
620
154
148
30024
165
128
130
136
154
1746
169
120
101
147
542945
139
148
139
139
196
153
149
119
145
146
130
133
128
129
166
129
177
135
106
151
49970713
131
156
146
130
114
38664994
150
182
145
140
101
122
139
86
113
131
156
185
139
137
157
126
106658
131
155
206
154
156
166
127
63
193
364
101
117
111
139
123
154
189
121
132
981
111
143
119
131
99
153
160
159
46051623
177
0
118
145
142
153
160
126
179
147
112
120
147
151
144
133
138
162
48624163
165
115
102
166
122
123
139
142
123
148
619
148
136
128
144
135
128
158
169
132
149
141
126
128
207
158
48856055
129
212
152
151
123
153
124
184
123
143
124
198
177
135
110
154
139
155
150
187
153
48860193
115
163
124
158
48960128
152
147
49212084
144
121
174
46520039
154
47760574
132
142
146
121
106
98
210
211
113
128
178
139
157
154
47576270
217
171
131
1988
140
64
156
146
125
66
167
146
135
120
150
199
148
118
476
162
133
138
104
156
104
0
137
170
154
204
139
154
163
164
132
154
190
131
161
0
0
133
233
142
173
157
121
106
156
165
131
96
149
153
158
144
175
305
157
564
118
125
147
145
134
91
120
144
131
116
134
163
145
177
164
149
2370
129
7573191
125
152
108
117
119
397
116
142
160
154
198
100
45840102
159
138
140
129
103
148
253
145
147
132
1873
150
153
140
171
136
153
110
146
47075518
151
148
143
137
188
172
146
135
115
118
128
154
162
144
116
97
161
116
130
49408098
146
135
0
119
140
136
157
124
147
130
139
238
147
133
185
143
188
161
115
143
113
114
109
5
134
117
122
30675473
157
156
138
70425
175
146
113
155
131
156
131
148
117
111
116
326
127
142
111
132
118
162
149351
151
6750050
153
168
129
186
152
99
123
144
142
143
460459
173
149
134
3912735
213
218
131
129
150
127
135
142
134
157
141
144
136
414
136
124
141
114
109
136
116
130
123
130
165
120
0
117
149
130
155
135
125
145
1629
148
175
113
45879326
165
150
150
147
168
141
541720
147
179
147
149
134
141
125
112
3010339
129
147
124
147
124
147
187
127
145
243
116
77
114
171
146
76
162
149
49516059
131
139
135
150
49520258
138
113
3042
6008838
49308697
122
157
46587977
141
128
161
96
94
0
174
128
93
136
121
200
142
191
187
108
4000845
119
20999954
137
133
43599
139
115
149
143
115
170
138
138
97
145
199
149
625
162
113
127
109
112
146
107
169
161
159
145
113
73
112
0
145
135
100
126
169
164
114
123
177
112
120
137
140
136
162
166
160
127
148
135
143
133
118
143
133
49961251
172
118
122
113
139
112
148
115
225
227
127
181
124
116
122
112
148
147
125
293
158
124
47523898
126
148
128
146
146
104
139
162
117
146
115
129
135
138
131
147
165
103
150
117
132
136
188
175
159
192
160
145
147
144
116
161
137
6337
101
158
172
131
49248086
187
8499756
112
154
134
149
325
157
139
110
146
164
99
131
48056569
124
149
124
147
149
146
5
153
148
18559
126
7582861
106
142
116
149
91
117
47641857
108
138
47654059
97
148
212
147
186
161
109
134
224
46028151
119
164
129
126
157
410
188
115
148
134
154
143
175
115
96
145
160
47976228
43650227
129
152
142
143
134
113
143
143
120
112
162
107
202
134
125
117
199
178
132
128
119
156
122
124
113
138
30138629
123
151
710
153
158
154
150
125
120
168
183
156
125
149
161
49504070
261
117
153
143
232
116
172
46736048
150
164
141
155
269
153
154
143
114
108
111
40001164
135
100
151
152
118
88
100
48464077
142
115
154
136
122
153
161
124
312
155
48355998
143
156
185
39036210
134
43660446
112
160
171
125
47601379
14249762
117
155
75
127
133
114
135
133
126
150
48620174
158
173
147
165
137
123
139
144
143
135
143
146
149
117
158
266
28456112
157
144
138
136
96
143
146
172
124
128
157
47742460
92
46496102
125
141
144
151
45324167
134
119
153
162
158
119
154
81999
120
138
125
131
130
131
149
106
133
103
56682
144
900092
139
173
137
148
203891
47523982
162
136
48521051
115
168
48144097
124
158
117
117
46329
161
124
189
159
166
35458267
155
111
146
141
103
156
149
152
138
134
109
164
231
142
130
48772751
119
134
156
148
137
143
175
160
161
117
49256221
183
140
119
112
8
147
144
190
126
143
144
136
0
101
104
126
115
148
100
143
133
112
114
130
117
133
108
133
130
117
131
141688
112
181
103
48276157
102
122
157
132
165
128
153
114
127
143
159
285
122
164
124
135
147
156
100311
1901
103
175
45964021
172
0
135
113
150
130
101
127
150
169
169
124
107
107
48169108
114
149
137
131
125
158
141
152
120
157
48075276
137
116
116
111
166
118
161
123
123
153
338
162
177
126
42783551
203
46744123
142
130
125
135
48620191
122
171
156
110
158
133
129
114
48944012
131
152
169
186
433
151
139
128
119
121
168
141
138
123
141
159
119
159
129
178
143
143
49104106
112
185
147
132
47327995
177
169
111
153
147
40802653
180
153
155
117
117
142
136
181
146
139
135
121
143
168
46356182
160
97
127
145
171
150
157
141
126
13358837
75
104
158
139
123
186
124
150
111
119
160
151
4000765
147
129
122
143
30001348
141
135
135
151
145
142
138
129
143
142
182
112
130
164
130
120
148
120
124
149
143
163
137
96
102
149
141
126
116
541508
194
149
111
114
102
146
176
160
141
139
110
49008035
133
144
113
47792110
134
178
142
136
107
118
103
0
47175869
108
168
151
129
134
124
143
125
108
174
132
144
165
122
134
191
0
133
224
138
139
161
107
143
141
175
99
118
124
114
175
174
154
119
116
121
138
303
144
136
139
165
158
162
136
163
166
160
141
46176108
136
112
160
161
128
135
110
171
153
159
130
45696556
175
190
151
138
112
141
166
106
118
137
163
28294
154
138
191
93
150
129
0
127
62620
146
163
155
136
146
125
175
155
575
170
143
147
105
134
129
131
109
134
129
158
114
165
129
148
164
149
156
2248
138
140
166
130
128
165
89
168
157
0
117
101
103
100
138
139
138
162
145
167
93
138
182
0
117
112
145
142
114
49340055
142
133
133
129
147
146
127
128
151
140
47267400
155
218
136
120
145
161
137
108
153
165
128
149
175
123
147
114
118
143
47116046
155
87
163
112
108
125
130
157
130
137
156
75250
162
150
154
157
139
153
0
188
160
166
122
152
142
148
126
114
47684295
166
157
120
135
147
110
124
314
109
111
127
136
126
142
165
127
132
142
170
149
114
116
48001720
143
124
130
15000000
895
158
105
135
161
121
149
96
111
153
140
146
119
154
157
154
115
2243
129
118
136
94
136
130
146
119
140
126
165
46396185
141
137
157
182
148
144
124
99
134
157
129
159
4000786
108
164
131
155
105
154
112
6006753
153
1207
117
173
144
139
111
123
142
188
116
96
197
109
137
143
133
161
117
564
116
143
92
171
130
100
328
91
155
156
184
126
45903925
80
118
253
158
138
107
110
2399
162
133
47268021
138
15812
122
142
45948360
127
177
214
150
163
112
118
110
136
157
129
130
120
111
183
121
160
122
143
167
125
163
150
130
148
177
113
156
144
190
153
139
135
49008144
132
91
134
148
138
114
149
143
147
166
115330
122
140
143
142
128
156
149
326
437
91
153
140
144
160
151
168
127
132
121
154
122
263
135
1781
155
144
122
138
150
115
139
135
87
115
143
129
114
164
175
174
163
188
141
359288
103
134
99
147
106
110
134
156
135
122
166
118
123
126
142
139
152
124
263
143
101
144
20996828
144
165
140
135
135
150
150
120
125
173
210
175
142
112
149
132
109
0
157
7579451
154
124
173
97
281
123
120
143
141
117
117
42001214
138
114
169
132
162
116
125
109
137
147
161
111
150
92
148
143
1352
160
164
160
120
157
144
126
149
47640123
133
105
133
140
131
119
130
132
169
86
114
107
145
130
133
155
121
151
209
140
48572146
0
133
124
147
168
143
166
194
162
183
164
128
193
142
146
146
139
90
87
135
161
161
161
171
150
125
102
141
148
136
127
44972111
117
153
116
167
133
153
107
164
172
125
162
163
142
119
142
124
403
45992824
145
125
176
107
162
142
187
149
107
124
141
164
180
175
127
157
145
88
122
164
4
135
135
168
140
162
122
125
156
165
156
123
141
146
108
159
139
143
136
131
165
1584
153
124
140
120
107
128
106
151
141
167
156
263
212
149
139
125
129
145
171
116
164
141
160
153
181
157
186
39324
164
183
152
172
128
137
153
157
138
108
86
130
165
123
150
116
191
89
117
112
121
152
130
102
142
152
156
160
122
103
133
159
178
111
139
183
136
164
100
15051
0
128
114
1143
122
134
153
134
148
170
144
152
156
521
147
130
160
117
169
114
128
147
106
174
416
143
157
133
112
151
115
124
2233
126
122
2999959
160
118
145
140
117
219
147
136
141
622
141
112
111
161
160
155
151
131
135
133
139
169
150
143
46672119
125
154
152
131
113
126
128
150
163
1494644
35475508
220
154
162
125
121
130
168
147
147
197
170
155
167
152
113
176
144
127
167
127
105
156
114
120
105
143
115
105
148
128
145
151
124
14249862
147
177
115
142
128
120
102
157
155
118
157
101
118
143
166
46448007
148
109
159
159
116
138
124517
187
129
135
172
122
90
134
1442
228
104
147
151
200
121
190
148
146
157
128
160
148
145
185
274
144
147
118
153
227
0
118
123
160
163
158
149
172
151
151
121
148
140
139
144
148
143
117
146
127
126
126
177
153
127
148
190
143
140
189
129
170
105
108
125
151
4000621
170
191
149
0
35998639
160
157
142
151
137
608
142
126
177
136
121
164
106
153
141
160
120
114
134
127
152
122
140
121
149
130
153
210
158
131
165
169
157
7583171
126
126
167
169
1490478
125
48992085
130
155
148
129
119
143
2998555
0
133
20106236
160
138
138
130
132
165
312
141
153
0
131
87
137
100
116
151
130
165
150
151
159
143
138
30002751
139
111
145
135
155
139
146
136
158
141
50190772
118
183
131
113
192
143
123
173
143
145
112
46328013
105
147
114
125
115
170
106
147
145
118
153
114
119
169
149
48296106
107
161
138
116
156
126
137
129
114
110
173
192
132
62715
142
175
178
131
127
112
304
147
159
141
142
146
47601365
15
165
156
47975852
154
124
132
171
146
164
175
158
49056040
151
155
113
3
125
135
207
142
146
162
146
47108100
126
133
137
156
133
47028021
135
148
147
156
172
77
144
131
141
117
148
148
46065649
164
312
136
158
130
365
109
125
396
145
159
50124156
121
154
46003999
144
190
149
47499363
143
542612
48632191
142
128
111602
117
164
153
141
166
162
136
144
108
136
47364023
169
131
135
11998542
48000499
178
155
117
133
46688180
470
148
140
128
123
116
113
156
125
100
129
199
145
48055871
133
113
119
107
153
186
132
130
160
107
161
90
169
156
138
127
110
193
157
115
131
128
123
144
170
145
127
114
145
48288095
83
146
130
136
130
117
147
169
162
147
122
30000428
185
132
158
128
97
155
121
123
127
46163973
142
132
155
100836
159
156
126
150
153
171
151
124
158
109
132
188
165
48814924
163
119
131
143
140
124
126
116
113
146
131
145
148
27460983
149
170
1351710
137
158
155
149
137
135
119
120
136
140
125
5
140
153
0
121
122
115
4500129
46760311
48512196
16987
85
144
120
153
151
132
106
140
138
142
111
30001053
223
156
163
139
48651581
119
144
48428087
179
154
1919
144
118
152
133
127
136
195
45676082
170
135
150
146
146
123
181
156
155
125
133
108
149
107
162
142
124
169
130
155
152
149
147
137
135
5537
139
0
100
1351918
130
141
0
135
164
129
116
47840115
156
151
129
155
102
142
136
174
146
133
0
135
143
187
155
159
155
176
149
138
113
155
130
146
90
108
48065947
144
121
119
154
143
149
133
150
116
150
133
136
148
180
120
158
154
123
144
126
134
125
131
152
133
116
17221
162
142
102
131
126
124
119
110
161
147
129
158
128
151
34475991
149
182
152
126
129
117
147
121
115
133
141
100
166
139
152
166
116
136
163
137
139
158
139
151
129
108
157
181
148
199
145
122
164
175
133
204
124
141
159
149
146
123
34142894
169
48602113
124
106
135
163
138
40379537
102
130
144
164
159
105
146
153
134
300
141
30001677
147
138
148
146
166
173
125
107
111
282
133
128
118
159
131
115
96
136
125
119
168
149
123
136
104
339
150
89
380
139
121
148
135
118
140
166
144
141
139
126
767
154
147
103
174
48792088
97
95
142
115
149
150
113
128
147
120
142
135
148
155
152
7575065
144
117
107
3000327
111
143
10455523
144
11999974
179
146
152
96200
90
125
148
125
124
165
121
153
136
153
177
107
1314
133
152
142
47567987
109
110
131
130
11999740
164
17671
144
159
122
148
180
147
166
133
158
174
144
166
157
121
144
143
121
149
144
148
117
170
458
148
135
45002069
115
122
144
137
158
116
137
159
137
157
106
148
159
125
131
173
183
145
98
166
124
337
165
171
40098819
48777005
117
284521
156
110
137
115
135
129
48972011
92
153
135
163
126
141
141
137
133
152
215
150
145
141
192
131
189
149
140
173
161
107
142
170
49132056
133
169
142
152
125
152
155
1238
94
167
108
49506380
174
176
145
127
70
107
125
129
165
135
138
2523
152
142
120
675
124
46720199
145
155
192
287
155
47378509
86
168
153
248
162
170
153
138
44436435
144
169
180
152
153
112
139
183
132
142
94
99
114
143
99
159
159
150
135
142
197
143
169
120
148
132
226
139
156
149
103
121
128
156
132
124
161
118
158
147
183
153
132
145
108
157
1500284
1212
129
103
154
132
146
150
165
138
47712122
106
113
116
124
93
142
151
112
103
142
147
174
181
46964248
168
100
26367449
153
150
34986922
138
154
145
120
149
117
81742
144
150
161
114
112
119
155
114
226
152
152
151
4103
137
189
136
45372201
151
129
133
117
140
145
117
105
49424242
106
153
142
48067305
113
152
143
41806
161
110
156
141
7579337
131
124
127
143
136
130
134
28456261
106
131
160
137
164
2242
144
112
169
135
109
193
158
110
136
163
116
180
133
144
147
126
128
48460390
149
140
144
116
17859
138
170
92
0
133
717
158
165
101
142
155
135
1456
186
133
146
134
174
125
167
4
141
8499982
149
145
156
163
114
143
142
109
46448018
153
244
30579
136
40275891
136
112
140
127
113
116
164
169
117
179
145
83
92
194
142
116
124
153
162
152
140
166
161
178
165
154
140
141
98851
166
147
114
115
152
177
59
137
151
172
182
158
72
115
125
133
168
185
145
137
97
137
110
99
113
146
122
177
113
119
122
84
130
141
154
156
111
138
48096293
175
126
252
132
120
117
109
113
168
161
0
143
119
150
141
160
31631256
158
1752
110
134
123
131
183
156
155
166
123
136
123
140
609
47960143
45000098
139
139
111
49068040
112
167
7582027
132
154
123
118
10499781
150
144
146
133
180
164
150
47392132
159
149
138
172
128
135
135
157
137
151
157
110
113
154
155
135
143
149
161
141
110
122
144
117
140
49013976
114
155
129
35423006
170
