0.306667
0.405286
0.362205
2.323232
0.405286
0.292063
0.479167
0.405286
0.306667
0.292063
0.362205
0.362205
0.638889
0.405286
0.405286
0.058149
0.405286
0.362205
2.322115
0.405286
0.440191
0.307746
0.405286
0.362205
0.355212
0.355212
0.306667
0.405286
0.362205
0.920000
0.292063
0.362205
2.300000
0.292063
0.294872
0.306667
0.308725
0.292063
0.638889
0.326241
0.405286
0.405286
0.362205
0.516854
0.550898
0.306667
0.405286
0.292063
0.306667
0.405286
0.362205
0.306667
0.292063
0.362205
0.638889
0.469388
0.306667
0.405286
0.405286
0.405286
0.294872
0.405286
0.292063
0.355212
0.405286
0.306667
0.306667
0.292063
0.306667
0.405286
0.405286
0.405286
0.292063
0.306667
0.405286
0.306667
0.398268
0.362205
0.228856
0.422018
1.352941
0.638889
0.398268
0.468423
0.405286
0.516854
0.405286
0.329749
0.292063
0.362205
0.362205
0.405286
0.405286
0.405286
0.306667
0.405286
0.500000
0.308725
0.297318
0.398268
0.405286
0.398268
0.405286
0.638889
0.405286
0.422018
0.294872
0.264368
0.292063
0.405286
0.550898
0.292063
0.306667
0.362205
0.306667
0.398268
0.638889
0.294872
0.505495
0.359375
0.294872
0.405286
0.500000
0.398268
0.292063
0.405286
0.638889
0.405286
0.362205
0.405286
0.821429
0.362205
0.306667
0.405286
0.334545
0.362205
0.292063
0.306667
0.362205
0.306667
0.292063
0.589744
0.638889
0.405286
0.362205
0.306667
0.405286
0.550898
0.405286
0.306667
0.228856
0.345000
0.550898
0.405286
0.396552
0.405286
0.301639
0.306667
0.306667
0.251366
0.306667
0.821429
0.405286
0.516854
0.398268
0.306667
0.306667
0.405286
0.292063
0.516854
0.405286
0.638889
0.405286
0.550898
0.550898
2.323232
0.292063
0.306667
0.306667
0.306667
1.150000
0.306667
0.398268
0.306667
0.355212
0.405286
0.405286
0.292063
0.405286
0.511111
0.638889
0.294872
0.292063
0.405286
0.405286
0.203091
2.300000
0.638889
0.405286
0.308725
0.405286
0.405286
0.306667
0.405286
0.308725
0.405286
0.405286
0.292063
0.405286
0.292063
0.294872
0.405286
0.405286
0.306667
0.306667
0.516854
0.405286
0.292063
0.091270
0.405286
0.405286
0.301639
0.308725
0.306667
0.292063
0.306667
0.306667
0.405286
0.405286
0.446602
0.398268
0.306667
0.821429
0.362205
0.398268
0.589744
0.165072
0.405286
0.362205
0.405286
0.270588
0.306667
0.359375
0.638889
0.398268
0.405286
0.405286
0.405286
0.398268
0.638889
0.292063
0.306667
0.405286
0.920000
0.405286
0.516854
0.308725
0.405286
0.359375
0.589744
0.405286
0.405286
0.362205
0.554217
0.516854
0.718750
0.308725
0.638889
0.405286
0.362205
0.357977
0.292063
0.405286
0.306667
0.754098
0.357977
0.405286
2.555556
0.481675
0.638889
0.362205
0.582278
0.306667
0.294872
0.405286
0.405286
0.362205
0.306667
0.589744
0.405286
0.306667
0.405286
0.405286
0.306667
0.405286
0.405286
0.638889
2.323232
0.638889
0.355212
0.516854
0.676471
0.362205
0.306667
0.405286
0.362205
0.676471
0.306667
0.306667
0.920000
0.306667
0.362205
0.306667
0.306667
0.362205
0.306667
1.352941
0.292063
2.300000
0.405286
0.306667
0.306667
0.306667
0.405286
0.306667
0.325088
0.306667
0.405286
0.362205
0.306667
0.405286
0.301639
0.306667
0.292063
0.405286
0.362205
0.522727
0.228856
0.589744
0.362205
0.500000
0.292063
0.203091
0.275355
0.306667
0.329749
0.306667
0.306667
0.308725
0.359375
0.306667
2.300000
0.306667
0.292063
0.362205
0.327402
0.405286
0.304636
0.306667
0.362205
0.221154
0.355212
0.306667
0.362205
0.405286
0.362205
0.306667
0.405286
0.481675
0.292063
0.359375
0.638889
0.330935
0.405286
0.308725
0.362205
0.306667
0.405286
0.306667
0.251329
0.405286
0.357977
0.306667
0.405286
0.405286
0.589744
0.306667
0.560976
0.405286
0.362205
0.334545
0.405286
0.405286
0.405286
0.696970
0.405286
0.362205
0.516854
0.505495
0.398268
0.292063
0.294872
0.405286
0.405286
0.405286
0.405286
0.405286
0.329749
0.306667
0.638889
0.405286
0.222354
0.405286
0.306667
0.405286
0.405286
0.638889
0.405286
0.362205
0.405286
0.589744
0.292063
0.306667
0.362205
0.308725
0.329749
0.405286
0.405286
0.359375
0.398268
0.362205
0.405286
0.425926
0.398268
0.405286
0.362205
0.292063
0.638889
0.308725
0.306667
0.362205
0.319444
0.362205
2.323232
0.405286
0.405286
0.308725
0.306667
0.362205
0.359375
0.362205
0.362205
0.362205
0.357977
0.405286
0.306667
0.292063
0.405286
0.359375
0.306667
0.500000
0.292063
0.306667
0.405286
0.306667
0.405286
0.398268
0.306667
0.410714
0.306667
0.405286
0.306667
0.405286
0.306667
0.306667
0.405286
0.306667
0.362205
0.306667
0.405286
0.308725
0.405286
0.338235
0.306667
0.405286
2.321101
0.405286
0.405286
0.398268
0.308725
0.405286
0.294872
0.362205
0.306667
0.405286
0.060447
0.405286
0.362205
0.228856
0.338235
0.306667
0.405286
0.405286
0.306667
0.362205
0.306667
0.308725
0.405286
0.306667
0.362205
0.405286
1.642857
0.203091
0.405286
0.405286
0.306667
0.405286
0.306667
0.398268
0.306667
0.405286
2.300000
0.405286
0.177950
0.405286
0.398268
0.306667
0.362205
0.359375
0.306667
0.550898
0.329749
0.306667
0.405286
0.355212
0.707692
0.292063
0.405286
0.405286
0.405286
0.405286
0.203091
0.362205
0.405286
0.958333
0.362205
0.405286
0.405286
0.431925
0.292063
0.242105
0.405286
0.405286
0.516854
0.327402
0.920000
0.362205
0.398268
0.405286
0.362205
0.294872
0.306667
0.405286
0.306667
0.405286
0.405286
0.405286
0.292063
0.362205
0.550898
0.306667
0.405286
0.294872
0.306667
0.405286
0.292063
0.293514
0.355212
0.294872
0.306667
0.718750
0.638889
0.321678
0.359375
0.613333
0.362205
0.405286
0.405286
0.306667
0.405286
0.638889
0.306667
0.405286
0.334545
0.405286
0.405286
0.958333
0.306667
0.405286
0.589744
0.292063
0.292063
0.359375
0.405286
0.292063
0.352490
0.575000
0.958333
0.292063
0.958333
0.398268
0.405286
0.638889
0.405286
0.405286
0.405286
0.306667
0.306667
0.357977
0.505495
0.405286
0.306667
0.405286
0.292063
0.550898
0.362205
0.292063
0.362205
2.323232
0.359375
0.251366
0.306667
0.405286
0.405286
0.362205
0.405286
0.306667
0.306667
0.306667
0.405286
0.306667
0.362205
0.405286
0.359375
0.405286
0.405286
0.362205
2.322115
0.362205
0.306667
0.405286
0.306667
0.292063
0.405286
0.405286
0.405286
0.405286
0.405286
0.185111
0.405286
0.405286
0.362205
0.355212
0.405286
0.306667
0.306667
0.306667
0.306667
0.405286
0.362205
0.422018
0.306667
0.292063
0.362205
2.300000
0.292063
0.294872
0.362205
0.306667
0.405286
0.405286
0.405286
0.405286
0.516854
0.359375
0.388186
0.362205
0.292063
0.405286
0.306667
0.405286
0.405286
0.405286
0.306667
0.292063
0.306667
2.322115
0.531792
0.405286
0.405286
0.306667
2.300000
0.306667
0.306667
2.322115
0.405286
0.405286
0.405286
2.323232
0.306667
2.300000
0.306667
0.405286
0.398268
0.398268
0.405286
0.398268
0.292063
0.292063
0.516854
0.292063
0.294872
0.306667
0.405286
0.292063
2.300000
0.292063
0.294872
0.292063
0.197849
0.405286
1.121951
0.362205
0.398268
0.405286
0.958333
0.405286
0.405286
0.362205
0.306667
0.416290
0.308725
0.362205
0.405286
0.256983
0.330935
0.405286
0.355212
0.516854
0.292063
0.405286
0.228856
0.306667
0.306667
0.589744
0.306667
0.405286
0.306667
0.292063
0.405286
0.405286
0.306667
0.292063
0.306667
0.308725
0.920000
0.091270
0.306667
0.359375
0.405286
0.306667
0.330935
0.582278
0.405286
0.362205
0.306667
0.405286
0.516854
0.405286
0.405286
0.359375
0.306667
0.308725
0.511111
0.306667
0.203091
0.306667
0.362205
0.292063
0.405286
0.405286
0.638889
0.394850
0.308725
0.306667
0.405286
0.405286
0.306667
0.405286
0.405286
0.405286
0.405286
0.174242
0.405286
0.222354
0.362205
0.308725
0.422018
0.405286
0.355212
0.958333
0.516854
0.405286
0.405286
0.405286
0.405286
0.638889
2.300000
0.292063
0.405286
0.405286
0.405286
0.405286
0.405286
0.292063
0.405286
0.405286
0.405286
0.255556
0.308725
0.405286
0.516854
0.292063
0.405286
0.306667
0.550898
0.308725
0.920000
0.405286
0.405286
0.329749
0.398268
0.292063
0.359375
0.308725
0.405286
0.362205
0.405286
0.405286
0.222222
0.306667
0.306667
0.516854
0.516854
0.292063
0.522727
0.306667
2.300000
0.362205
0.405286
0.920000
0.306667
0.306667
0.405286
0.388186
0.405286
0.405286
0.638889
0.405286
0.362205
0.306667
0.329749
0.405286
0.306667
0.405286
0.362205
0.405286
0.292063
0.405286
0.306667
0.638889
0.920000
0.306667
0.359375
0.359375
0.106116
0.294872
0.177950
0.422018
0.172932
0.516854
0.405286
0.550898
0.355212
0.405286
0.308725
0.306667
0.306667
0.394850
0.638889
0.516854
0.958333
0.306667
0.359375
0.958333
0.362205
0.405286
0.582278
0.560976
0.292063
0.920000
0.292063
0.306667
0.398268
0.362205
0.362205
0.638889
0.425926
0.405286
0.308725
0.362205
0.256188
0.294872
0.405286
0.405286
0.920000
0.388186
0.308725
0.405286
0.405286
0.308725
0.398268
0.405286
0.405286
0.306667
0.306667
0.292063
0.405286
0.405286
0.228856
0.638889
0.308725
0.405286
0.582278
0.405286
0.398268
0.405286
0.306667
0.362205
0.550898
0.457711
0.405286
0.511111
0.362205
0.362205
0.405286
0.306667
0.292063
0.292063
0.308725
0.242105
0.306667
0.292063
0.306667
0.088836
0.308725
0.306667
0.405286
0.306667
0.405286
0.531792
0.920000
0.405286
0.329749
0.388186
0.306667
0.362205
0.405286
0.638889
0.625850
0.920000
0.306667
0.359375
0.292063
0.359375
0.292063
0.405286
0.264368
0.329749
0.362205
0.405286
0.405286
0.638889
0.405286
0.294872
0.405286
0.638889
0.292063
0.306667
2.322115
0.362205
0.920000
0.405286
0.306667
2.300000
0.405286
0.405286
0.528736
0.676471
2.322115
0.405286
0.398268
2.323232
0.292063
0.550898
0.398268
0.306667
0.516854
0.195652
0.292063
0.405286
0.513966
0.292063
0.550898
0.362205
0.405286
0.292063
0.292063
0.362205
0.920000
0.405286
0.676471
0.292063
0.638889
1.352941
0.405286
0.362205
0.292063
0.398268
0.550898
0.405286
0.306667
0.405286
0.405286
0.589744
0.292063
0.405286
0.203091
0.292063
0.550898
0.398268
0.541176
0.405286
0.405286
0.362205
0.405286
0.294872
0.292063
0.405286
0.516854
0.638889
0.405286
0.597403
0.405286
0.405286
0.582278
0.405286
0.292063
0.357977
0.306667
0.362205
0.292063
0.405286
0.405286
0.306667
0.306667
0.405286
0.405286
0.292063
0.362205
0.306667
0.362205
0.516854
0.326241
0.405286
0.362205
0.405286
0.306667
0.246750
0.306667
0.550898
0.362205
0.550898
0.292063
0.306667
0.306667
0.638889
0.292063
0.359375
0.405286
0.292063
0.306667
0.405286
0.405286
0.500000
0.405286
0.359375
0.405286
0.405286
0.308725
0.405286
2.323232
0.292063
0.362205
0.418182
0.398268
0.405286
0.516854
0.405286
0.405286
0.638889
0.306667
0.405286
0.294872
0.398268
0.405286
0.398268
0.359375
0.405286
0.550898
0.292063
0.405286
0.405286
0.405286
0.362205
0.292063
0.292063
0.306667
0.292063
0.405286
0.306667
0.405286
0.589744
0.362205
0.638889
0.593548
0.638889
0.292063
0.334545
0.516854
2.300000
0.292063
0.264368
0.306667
0.405286
0.550898
0.405286
0.958333
0.359375
0.359375
0.448780
0.306667
0.362205
0.398268
0.405286
0.920000
0.405286
0.388186
0.405286
0.398268
0.306667
0.405286
0.597403
0.359375
0.362205
0.203091
0.359375
0.222354
0.405286
0.306667
0.550898
0.359375
0.550898
0.405286
0.920000
0.405286
0.306667
0.354391
0.550898
0.405286
0.292063
0.405286
0.301639
0.294872
0.550898
0.589744
0.405286
2.300000
0.405286
0.292063
0.405286
0.306667
0.359375
0.292063
0.306667
0.638889
0.398268
0.516854
0.308725
0.362205
0.308725
0.405286
0.638889
0.306667
0.362205
2.300000
0.164767
0.306667
0.292063
0.405286
0.306667
0.306667
0.516854
0.405286
0.308725
0.306667
0.394850
0.292063
0.405286
0.306667
0.306667
0.405286
0.405286
0.352490
0.306667
0.405286
0.355212
0.550898
0.338235
0.550898
0.405286
0.550898
0.405286
1.045455
0.405286
0.589744
0.958333
0.306667
0.362205
0.362205
0.516854
0.308725
0.308725
0.362205
0.306667
0.405286
0.516854
0.405286
0.329749
2.300000
0.508287
0.362205
0.405286
0.306667
0.308725
0.362205
0.362205
2.300000
0.294872
0.292063
0.362205
0.405286
0.550898
0.405286
0.380165
0.405286
0.958333
0.589744
0.634483
2.555556
0.405286
0.516854
0.394850
0.306667
0.405286
0.638889
0.394850
2.322115
0.308725
0.405286
0.355212
0.306667
0.405286
0.405286
0.306667
0.405286
0.301639
0.334545
2.322115
0.306667
0.362205
0.362205
0.098291
0.638889
0.303020
0.522727
0.405286
0.294872
0.306667
0.676471
0.920000
0.292063
0.306667
0.083942
0.405286
0.589744
0.308725
0.405286
0.362205
0.405286
0.405286
2.300000
0.308725
0.292063
0.362205
0.292063
0.396552
0.398268
0.405286
0.306667
0.405286
0.405286
0.405286
0.405286
0.362205
0.306667
0.362205
0.378601
0.187755
0.292063
0.306667
0.306667
0.270588
0.405286
0.306667
0.359375
0.292063
0.308725
0.294872
0.362205
0.676471
0.638889
2.300000
0.405286
0.306667
0.405286
0.405286
2.300000
0.516854
0.405286
0.292063
0.306667
0.294872
0.638889
0.396552
0.308725
0.362205
0.292063
0.308725
0.405286
0.306667
0.306667
0.433962
0.550898
0.405286
0.516854
0.505495
0.362205
0.562780
0.405286
0.362205
0.306667
0.292063
0.457711
2.300000
0.292063
0.405286
0.469388
0.405286
0.292063
2.322115
0.306667
0.306667
0.405286
0.405286
0.264368
0.306667
0.292063
0.292063
0.292063
0.292063
0.821429
0.405286
0.405286
0.334545
0.405286
0.638889
0.292063
0.308725
0.405286
0.516854
0.306667
0.638889
0.292063
0.398268
0.362205
0.405286
2.300000
0.638889
0.582278
0.306667
0.329749
0.405286
0.292063
0.362205
0.306667
0.362205
0.306667
2.300000
0.355212
0.306667
0.306667
0.405286
1.179487
0.405286
0.359375
0.292063
0.405286
0.405286
0.405286
0.405286
0.920000
0.638889
0.405286
0.362205
0.405286
0.405286
0.405286
0.405286
0.405286
0.405286
0.638889
0.405286
0.292063
0.405286
0.589744
0.405286
0.405286
0.306667
0.405286
0.638889
0.405286
0.301639
0.306667
2.323232
0.405286
0.306667
0.308725
0.405286
0.405286
0.306667
0.405286
0.516854
0.362205
0.308725
0.292063
0.601307
0.306667
0.292063
0.306667
0.405286
0.398268
0.405286
1.642857
0.228856
0.405286
0.334545
2.300000
0.920000
0.251366
0.516854
0.550898
0.405286
0.398268
0.405286
0.481675
0.405286
0.306667
0.362205
0.306667
0.405286
0.516854
2.300000
0.516854
0.304636
0.405286
0.359375
0.398268
0.292063
0.306667
0.362205
0.405286
0.362205
0.676471
0.405286
0.582278
0.405286
0.292063
0.362205
0.405286
0.294872
0.638889
0.306667
0.405286
0.380165
0.405286
0.292063
0.405286
0.136729
0.405286
2.323232
0.306667
0.448780
0.306667
0.306667
2.322115
0.516854
0.405286
0.405286
0.405286
0.292063
0.405286
0.292063
0.292063
2.322115
0.405286
0.405286
0.292063
0.292063
0.405286
0.292063
0.638889
0.405286
0.405286
0.362205
0.334545
0.306667
0.405286
0.405286
0.405286
0.405286
0.433962
0.362205
0.582278
0.329749
0.306667
0.362205
2.322115
0.405286
0.292063
0.306667
0.306667
0.920000
0.292063
0.306667
0.531792
0.306667
0.362205
0.291100
0.362205
0.398268
0.306667
0.405286
0.405286
0.405286
0.405286
0.334545
0.405286
0.405286
0.338235
0.362205
0.405286
0.362205
2.300000
0.306667
0.306667
0.405286
0.306667
0.292063
0.306667
0.405286
0.292063
0.362205
0.224390
0.398268
0.516854
0.294872
0.353846
0.405286
0.589744
0.405286
0.308725
0.405286
0.638889
0.359375
0.306667
0.920000
0.306667
0.484211
0.405286
0.306667
1.095238
0.405286
0.357977
0.405286
0.405286
0.306667
0.292063
0.405286
0.405286
0.306667
0.362205
0.292063
0.550898
0.405286
0.292063
0.306667
0.306667
0.405286
0.405286
0.306667
0.362205
0.292063
0.362205
0.405286
0.609272
0.405286
0.355212
0.323944
0.362205
0.405286
0.920000
0.306667
0.306667
0.638889
0.405286
0.638889
0.329749
0.405286
0.306667
0.308725
0.306667
0.292063
2.322115
0.405286
0.306667
0.405286
2.311558
0.405286
0.301639
0.398268
0.306667
0.550898
0.638889
0.405286
0.228856
2.323232
0.516854
0.353846
0.405286
0.329749
0.405286
0.405286
0.362205
0.405286
0.405286
0.359375
0.362205
0.405286
0.306667
0.306667
0.292063
0.292063
0.195652
0.398268
0.306667
0.405286
0.292063
0.334545
0.405286
0.362205
0.306667
0.362205
0.730159
0.308725
0.405286
0.638889
0.306667
0.405286
0.405286
0.306667
0.405286
0.306667
0.359375
0.567901
0.405286
0.306667
0.405286
0.306667
0.398268
0.362205
0.306667
0.405286
0.292063
0.306667
0.359375
2.300000
0.405286
0.405286
0.405286
0.294872
0.306667
0.405286
0.359375
0.292063
0.308725
0.405286
0.306667
2.323232
0.550898
0.308725
0.405286
0.405286
0.638889
0.398268
0.362205
0.405286
0.638889
0.405286
0.481675
0.047059
0.306667
0.306667
0.294872
0.516854
0.306667
0.405286
0.920000
0.516854
0.308725
0.306667
0.306667
0.405286
0.405286
0.405286
0.398268
0.292063
0.357977
0.958333
0.292063
0.306667
0.638889
0.405286
0.405286
0.308725
0.405286
0.516854
0.306667
0.306667
0.362205
0.308725
0.355212
0.362205
0.362205
0.308725
0.308725
0.308725
0.528736
0.405286
0.405286
0.405286
0.464646
0.306667
0.270588
0.405286
0.334545
0.359375
0.251366
0.405286
0.516854
0.582278
0.405286
0.405286
0.405286
0.405286
0.359375
0.398268
0.292063
0.516854
0.405286
0.352490
0.228856
0.582278
0.405286
0.362205
0.405286
0.589744
2.321101
0.362205
0.398268
0.359375
0.306667
0.292063
0.306667
0.362205
0.359375
0.353846
0.355212
0.676471
0.306667
0.405286
0.362205
0.355212
0.359375
0.306667
0.405286
0.405286
0.405286
0.301639
0.306667
0.306667
0.301639
0.306667
0.359375
0.550898
0.405286
0.306667
0.676471
0.308725
0.306667
0.308725
0.638889
0.522727
0.306667
0.306667
0.292063
0.405286
0.405286
0.264368
0.584392
0.405286
0.292063
0.405286
0.294872
0.292063
0.405286
1.045455
0.405286
0.405286
0.292063
0.405286
0.306667
0.405286
0.306667
0.394850
0.516854
2.300000
0.306667
0.292063
0.306667
0.362205
0.516854
0.405286
0.306667
0.380165
0.516854
0.958333
0.398268
0.306667
0.352490
0.405286
0.306667
0.359375
0.306667
0.405286
0.405286
0.405286
0.306667
0.362205
0.438095
0.362205
0.306667
0.306667
0.676471
0.958333
0.292063
0.550898
0.405286
0.362205
0.405286
0.362205
0.550898
0.516854
0.292063
0.405286
0.362205
0.405286
0.306667
0.301639
0.405286
0.500000
0.528736
0.405286
0.306667
0.306667
0.958333
0.359375
0.405286
0.405286
0.362205
0.334545
0.362205
0.306667
2.300000
0.306667
0.405286
0.362205
0.405286
0.292063
0.405286
0.306667
0.550898
0.292063
0.362205
0.292063
0.306667
0.920000
0.405286
0.306667
0.405286
0.306667
0.550898
0.308725
0.405286
0.676471
0.920000
0.228856
0.405286
0.334545
0.405286
0.405286
0.638889
0.308725
0.405286
0.306667
0.362205
0.405286
0.292063
0.500000
0.405286
0.359375
0.306667
0.398268
0.352490
0.630137
0.405286
0.398268
0.398268
0.405286
0.306667
0.308725
0.958333
0.582278
0.516854
0.306667
0.326241
0.292063
2.323232
0.613333
0.405286
0.228856
0.292063
0.405286
0.306667
0.362205
0.528736
0.308725
0.398268
2.312169
0.306667
0.172285
0.405286
0.516854
0.320643
0.362205
0.306667
0.306667
0.394850
0.396552
0.405286
0.516854
0.405286
0.273810
0.306667
0.516854
0.306667
0.405286
0.405286
0.294872
0.531792
0.306667
0.362205
0.308725
0.292063
0.306667
0.405286
0.306667
0.306667
0.292063
0.405286
0.516854
0.292063
0.292063
0.292063
0.405286
0.359375
0.405286
2.300000
0.306667
0.516854
0.405286
0.359375
0.405286
0.398268
0.292063
0.329749
0.306667
0.292063
1.642857
0.306667
0.292063
0.405286
0.294872
0.589744
0.405286
0.359375
0.410714
0.707692
0.405286
0.306667
0.405286
0.308725
0.405286
0.405286
0.405286
0.550898
0.405286
0.405286
0.405286
0.589744
0.589744
0.329749
0.528736
0.550898
0.306667
0.405286
0.398268
0.306667
0.516854
0.362205
0.362205
0.405286
0.516854
0.550898
0.405286
0.405286
0.405286
0.292063
0.334545
0.270588
0.292063
0.306667
0.399175
0.405286
0.355212
0.405286
0.405286
0.398268
0.550898
0.405286
0.306667
0.405286
0.405286
0.292063
0.405286
0.550898
0.550898
0.362205
0.306667
0.516854
0.589744
0.481675
0.292063
0.362205
0.359375
0.920000
0.306667
0.292063
0.405286
0.306667
0.294872
0.306667
0.306667
0.398268
0.329749
0.405286
0.405286
0.405286
0.362205
0.308725
0.308725
0.306667
0.516854
0.195652
0.292063
0.222354
0.306667
0.292063
0.405286
0.405286
0.541176
0.405286
0.306667
0.306667
0.292063
0.589744
0.516854
0.932432
0.362205
0.405286
0.362205
0.405286
0.292063
0.500000
0.359375
0.531792
0.405286
0.306667
0.362205
0.362205
0.362205
0.398268
0.398268
0.405286
0.420091
0.405286
0.306667
0.270588
0.550898
0.405286
0.405286
0.589744
0.405286
2.300000
0.405286
0.405286
0.405286
0.405286
0.405286
0.448780
0.405286
0.306667
0.292063
0.550898
0.306667
0.550898
0.292063
0.292063
0.550898
0.398268
0.362205
0.306667
0.958333
0.405286
2.300000
0.251366
0.405286
0.589744
0.398268
0.405286
0.398268
0.405286
0.294872
0.362205
0.306667
0.359375
0.308725
0.292063
0.362205
0.405286
0.398268
0.292063
0.550898
0.550898
0.398268
0.405286
0.306667
0.292063
0.306667
0.306667
0.362205
0.405286
0.294872
0.405286
0.398268
0.292063
2.300000
0.471795
0.292063
0.405286
0.292063
0.398268
0.306667
0.638889
0.405286
0.292063
0.306667
0.306667
0.405286
0.405286
0.589744
0.292063
0.306667
0.958333
0.469388
0.308725
0.362205
0.306667
0.306667
0.292063
0.405286
0.362205
0.306667
0.550898
0.550898
0.359375
0.436019
0.388186
0.405286
0.362205
0.292063
0.405286
0.405286
0.306667
0.348485
1.179487
0.306667
0.398268
0.292063
0.448780
0.306667
0.516854
0.353846
0.306667
0.405286
0.405286
0.550898
0.405286
0.292063
0.405286
0.405286
0.405286
0.306667
0.405286
0.405286
0.292063
0.444444
0.398268
0.550898
0.362205
0.405286
0.306667
0.306667
0.481675
0.398268
0.362205
0.292063
0.306667
0.516854
0.292063
0.362205
0.405286
0.306667
0.362205
0.352490
0.292063
0.405286
0.405286
0.362205
0.362205
0.405286
0.362205
0.362205
0.292063
1.352941
0.422018
0.292063
0.405286
0.306667
0.405286
0.306667
0.292063
0.306667
0.405286
0.405286
0.516854
0.306667
0.355212
0.306667
0.396552
0.550898
0.294872
0.617450
0.306667
0.405286
0.306667
0.398268
0.362205
0.405286
0.306667
0.308725
0.308725
0.306667
0.405286
0.405286
0.306667
0.308725
0.422018
0.638889
0.405286
0.306667
0.405286
0.292063
0.550898
0.230000
0.153333
0.405286
0.405286
0.630137
0.306667
0.294872
0.306667
0.306667
0.481675
0.362205
0.362205
0.405286
0.405286
0.958333
0.306667
0.362205
0.306667
0.550898
0.306667
0.306667
0.306667
0.405286
0.638889
0.362205
0.353846
0.405286
0.308725
0.405286
0.638889
0.292063
0.405286
0.306667
0.166365
0.405286
0.405286
0.676471
0.362205
0.362205
0.359375
0.405286
0.405286
0.306667
0.528736
0.405286
0.398268
0.203091
0.306667
0.306667
0.405286
0.292063
0.362205
0.308725
0.306667
0.306667
0.306667
0.306667
0.405286
0.405286
0.294872
0.306667
2.300000
0.306667
0.396552
0.405286
0.550898
0.362205
0.398268
0.516854
0.355212
0.405286
0.920000
0.165865
0.405286
0.306667
0.306667
0.306667
0.405286
0.531792
0.405286
0.405286
0.362205
0.405286
0.306667
0.405286
0.405286
0.380165
0.550898
0.405286
0.405286
0.405286
0.405286
0.308725
0.405286
0.362205
0.405286
0.292063
0.362205
0.292063
0.306667
0.405286
0.405286
0.355212
0.228856
0.292063
0.359375
0.920000
0.405286
0.405286
0.405286
0.405286
0.422018
0.638889
0.550898
0.306667
0.292063
0.405286
0.308725
0.613333
0.306667
0.362205
0.405286
2.312169
0.306667
0.638889
0.292063
0.292063
0.405286
0.306667
0.560976
0.306667
0.306667
0.405286
0.308725
0.405286
0.306667
0.306667
0.528736
0.091270
0.516854
0.306667
0.294872
0.398268
0.306667
0.292063
0.306667
0.306667
0.405286
0.405286
0.362205
0.292063
0.405286
0.292063
0.306667
0.294872
0.326241
0.405286
0.353846
0.405286
0.195652
0.516854
0.405286
0.362205
0.405286
0.362205
0.362205
0.516854
0.292063
0.306667
0.362205
0.308725
0.575000
0.362205
0.306667
0.362205
0.306667
0.355212
0.405286
0.405286
0.613333
0.359375
0.334545
0.405286
0.306667
0.405286
0.292063
0.306667
0.292063
0.362205
0.457711
0.405286
0.638889
0.362205
0.516854
0.638889
0.920000
0.292063
0.405286
0.306667
0.511111
0.920000
0.292063
0.292063
0.306667
0.405286
0.405286
0.203091
0.405286
0.362205
0.306667
0.405286
0.405286
0.223301
0.550898
0.362205
0.398268
0.362205
0.359375
0.405286
0.306667
0.405286
0.405286
0.359375
0.405286
0.306667
0.292063
0.306667
0.505495
0.292063
0.362205
0.405286
0.292063
0.306667
0.362205
0.222354
0.270588
0.405286
0.362205
0.308725
0.920000
0.292063
2.322115
0.306667
0.306667
0.306667
0.306667
0.362205
0.306667
0.920000
0.978723
0.516854
0.589744
0.405286
0.292063
0.306667
0.352490
0.294872
0.359375
0.292063
0.304636
0.405286
0.221154
0.306667
0.550898
0.405286
0.405286
0.500000
0.308725
0.362205
0.306667
0.301639
0.306667
0.405286
0.308725
0.292063
0.696970
0.405286
0.362205
0.362205
0.334545
0.306667
0.359375
0.362205
0.405286
0.308725
0.405286
2.322115
0.306667
0.301639
0.362205
0.638889
0.362205
0.405286
0.405286
0.306667
0.405286
0.292063
0.405286
2.335025
0.638889
0.405286
0.550898
0.550898
0.516854
0.362205
0.550898
0.327402
0.362205
0.306667
0.306667
0.362205
0.362205
0.306667
0.388186
2.300000
0.308725
0.292063
0.355212
0.405286
0.306667
0.306667
0.638889
0.405286
0.405286
0.327402
0.294872
0.362205
0.306667
0.270588
0.405286
0.359375
0.306667
0.405286
0.362205
0.306667
0.560976
0.405286
0.405286
0.306667
0.306667
0.550898
0.676471
0.978723
0.292063
0.405286
2.323232
0.306667
0.394850
0.425926
0.292063
0.405286
0.306667
0.292063
0.292063
2.322115
0.362205
0.306667
0.306667
1.022222
0.405286
0.362205
0.292063
0.405286
0.329749
0.357977
0.405286
2.323232
0.362205
0.398268
0.362205
0.405286
0.362205
2.300000
0.405286
0.405286
0.550898
0.292063
0.405286
0.228856
0.306667
0.405286
0.308725
0.362205
0.306667
0.405286
0.199643
0.306667
0.292063
0.362205
0.306667
0.362205
0.681481
0.306667
0.306667
0.560976
0.405286
0.359375
2.322115
0.362205
0.362205
2.323232
0.405286
0.357977
0.306667
0.161560
0.334545
0.920000
2.300000
0.405286
0.589744
0.836364
0.292063
0.306667
0.292063
0.405286
0.294872
0.292063
0.405286
0.362205
0.534884
0.359375
2.322115
0.306667
0.405286
0.405286
0.676471
0.438095
0.362205
0.405286
0.516854
0.534884
2.300000
0.958333
0.362205
0.306667
0.306667
0.516854
0.405286
0.405286
0.359375
0.306667
0.405286
0.405286
0.405286
0.362205
0.920000
0.306667
0.638889
0.306667
0.516854
0.308725
0.292063
0.405286
0.522727
0.306667
0.398268
0.306667
0.550898
0.306667
0.294872
0.306667
0.359375
0.638889
0.306667
0.292063
0.405286
0.405286
0.516854
0.306667
0.405286
0.294872
0.306667
0.306667
0.531792
0.362205
2.322115
0.582278
0.405286
0.308725
0.405286
0.362205
0.405286
0.306667
0.306667
0.359375
0.396552
0.306667
1.069767
0.304636
0.306667
0.405286
0.405286
0.550898
0.405286
0.405286
0.308725
0.405286
2.323232
0.359375
0.306667
0.306667
1.642857
0.292063
0.396552
0.589744
0.405286
0.405286
0.294872
0.405286
0.405286
0.292063
0.638889
0.550898
0.292063
0.294872
2.322115
0.292063
0.550898
0.405286
0.405286
0.292063
0.306667
0.398268
0.306667
0.306667
0.359375
0.405286
0.405286
0.306667
0.118437
0.405286
0.306667
0.920000
0.388186
0.359375
0.308725
0.362205
0.405286
0.396552
0.405286
0.362205
0.405286
0.306667
0.516854
1.179487
0.405286
0.306667
0.920000
0.531792
0.958333
0.516854
0.676471
2.300000
2.300000
0.203091
0.638889
0.359375
0.516854
0.270588
0.292063
0.550898
0.550898
0.405286
0.638889
0.306667
0.329749
2.555556
0.920000
0.306667
0.405286
0.362205
0.526843
0.355212
0.405286
2.311558
0.301639
0.398268
0.585987
0.394850
0.308725
0.405286
0.292063
0.550898
0.362205
0.292063
2.300000
0.306667
0.405286
0.405286
0.306667
0.306667
0.405286
0.292063
0.306667
0.292063
0.306667
0.306667
0.405286
0.416290
0.405286
0.359375
0.405286
0.359375
0.308725
0.362205
0.359375
0.306667
0.292063
0.308725
0.405286
0.405286
0.528736
0.405286
0.920000
0.582278
0.920000
0.306667
0.405286
0.920000
0.292063
0.359375
0.306667
0.405286
2.300000
0.292063
0.362205
0.362205
0.362205
0.550898
0.405286
0.398268
0.359375
0.306667
0.362205
0.228856
0.251366
0.362205
0.306667
0.306667
0.362205
0.306667
0.359375
0.400000
0.405286
0.550898
0.292063
0.405286
0.306667
0.362205
0.405286
0.920000
0.306667
0.292063
0.638889
0.306667
0.362205
0.306667
0.308725
0.362205
0.306667
0.306667
0.730159
0.306667
0.362205
0.292063
0.550898
0.359375
0.405286
0.405286
0.352490
0.306667
0.308725
0.362205
0.306667
0.362205
0.405286
0.405286
0.203091
0.357977
0.306667
0.550898
0.638889
0.405286
0.308725
0.405286
0.405286
0.306667
0.306667
0.605263
0.405286
0.306667
0.292063
0.754098
0.405286
0.405286
0.359375
0.362205
0.550898
0.405286
0.292063
0.638889
0.405286
0.516854
0.308725
0.589744
0.306667
0.292063
0.292063
0.405286
0.306667
0.306667
0.292063
0.405286
0.484211
0.292063
0.359375
0.362205
0.306667
0.306667
0.362205
0.405286
0.398268
0.306667
0.306667
0.405286
0.362205
0.405286
0.306667
0.292063
0.306667
0.308725
0.306667
0.405286
0.308725
0.405286
1.150000
0.306667
0.158262
0.405286
0.362205
0.306667
0.292063
0.362205
0.182497
0.589744
0.306667
0.306667
0.398268
0.292063
0.405286
0.306667
0.405286
0.357977
0.511111
0.638889
1.150000
0.550898
0.362205
0.306667
0.306667
0.306667
0.292063
0.292063
0.405286
0.405286
0.479167
0.405286
0.362205
0.362205
0.405286
0.405286
0.405286
0.516854
0.405286
0.405286
0.405286
0.306667
0.396552
0.405286
0.431925
0.638889
0.323944
0.405286
0.405286
0.228856
0.522727
0.362205
0.405286
0.394850
0.638889
0.326241
0.308725
0.329749
0.292063
0.405286
0.405286
0.405286
0.362205
0.306667
0.306667
0.306667
2.300000
0.638889
0.522727
0.405286
0.405286
0.308725
0.405286
0.405286
0.306667
0.405286
0.405286
0.306667
0.362205
0.405286
0.405286
0.359375
0.222354
0.362205
0.398268
0.554217
0.676471
0.306667
0.405286
0.589744
0.362205
0.676471
0.292063
0.306667
0.306667
2.090909
0.550898
0.516854
0.292063
0.362205
0.306667
0.405286
0.958333
0.306667
0.405286
0.398268
0.306667
0.306667
0.394850
0.359375
0.405286
0.359375
2.323232
0.560976
0.550898
0.308725
0.306667
0.676471
0.405286
0.203091
0.516854
0.306667
0.306667
0.405286
0.292063
0.306667
0.308725
0.308725
0.292063
0.306667
0.306667
0.228856
0.405286
0.405286
0.359375
0.405286
0.362205
0.405286
0.357977
0.405286
0.306667
0.359375
0.958333
0.422018
0.329749
0.676471
0.306667
0.306667
0.405286
0.405286
0.306667
0.500000
0.405286
0.422018
0.613333
0.292063
0.398268
0.306667
0.306667
0.308725
0.405286
0.362205
0.306667
0.359375
0.550898
0.405286
0.306667
0.457711
0.292063
0.405286
0.754098
2.300000
0.355212
0.150985
0.398268
0.613333
0.405286
0.362205
0.418182
0.550898
2.322115
0.522727
0.405286
0.405286
0.550898
0.306667
0.422018
0.357977
0.405286
0.405286
0.359375
0.306667
0.355212
0.308725
0.308725
0.582278
0.589744
0.355212
0.359375
0.398268
0.308725
0.405286
0.405286
0.292063
0.294872
2.322115
0.306667
0.306667
0.516854
0.292063
0.306667
0.338235
0.362205
0.414414
0.405286
0.292063
0.589744
2.322115
0.292063
0.355212
0.306667
0.638889
0.638889
0.398268
0.405286
0.306667
0.306667
0.306667
0.405286
0.446602
0.306667
0.306667
0.398268
0.920000
0.306667
2.300000
0.306667
0.398268
0.292063
0.462312
0.334545
0.920000
0.359375
0.638889
0.292063
0.457711
0.362205
0.294872
0.357977
0.294872
2.555556
0.362205
0.292063
0.294872
0.422018
0.362205
0.638889
0.329749
0.292063
0.292063
0.306667
0.516854
0.550898
0.405286
0.306667
0.516854
0.292063
0.405286
0.306667
0.362205
0.355212
0.294872
0.405286
0.306667
0.405286
0.362205
0.362205
0.353846
0.422018
0.292063
0.306667
0.550898
0.362205
0.306667
0.306667
0.329749
0.638889
0.292063
0.306667
0.405286
0.362205
0.362205
0.405286
0.306667
0.330935
0.405286
0.308725
0.920000
0.306667
0.405286
0.405286
0.352490
0.405286
0.306667
0.306667
0.423963
0.292063
2.322115
0.516854
0.398268
0.516854
0.306667
0.550898
0.405286
0.362205
0.405286
0.550898
0.405286
0.306667
0.405286
0.306667
2.300000
0.326241
0.405286
0.169585
0.405286
0.306667
0.198888
0.516854
0.306667
0.306667
0.306667
0.306667
0.362205
0.306667
0.550898
0.405286
0.362205
0.516854
0.638889
0.355212
0.292063
0.306667
0.292063
0.306667
0.306667
0.292063
0.048447
0.359375
0.292063
0.292063
2.300000
0.292063
0.306667
0.405286
0.405286
0.405286
0.329749
0.306667
0.613333
2.300000
0.550898
0.405286
0.306667
0.920000
0.405286
0.306667
0.405286
1.352941
0.306667
0.516854
0.405286
0.405286
0.222354
0.550898
0.306667
0.405286
0.292063
0.306667
0.405286
0.396552
0.187755
0.405286
0.405286
0.306667
0.405286
0.306667
0.174242
0.405286
0.638889
0.306667
0.405286
0.550898
0.292063
0.329749
0.405286
0.362205
0.362205
0.405286
0.405286
0.405286
0.405286
0.362205
0.292063
0.308725
2.300000
0.405286
0.398268
0.362205
0.398268
0.187373
0.294872
0.294872
0.516854
0.511111
0.308725
0.165072
0.405286
0.292063
0.550898
0.405286
0.359375
0.405286
0.414414
0.306667
0.362205
0.362205
0.355212
0.228856
0.362205
0.292063
1.179487
0.292063
0.264368
0.308725
0.306667
0.292063
0.292063
0.516854
0.405286
0.306667
0.405286
2.323232
0.405286
0.550898
0.282209
0.405286
0.494624
0.405286
0.516854
0.398268
0.550898
0.625850
0.306667
0.355212
0.308725
0.405286
0.292063
0.405286
0.617450
0.306667
0.405286
0.550898
0.405286
0.405286
0.308725
0.359375
0.334545
0.405286
0.405286
0.304636
0.330935
0.292063
0.398268
0.359375
0.306667
0.741935
0.405286
0.405286
0.550898
0.405286
0.306667
0.362205
0.153333
0.405286
0.306667
0.292063
0.359375
0.359375
0.638889
0.306667
0.405286
0.398268
0.638889
0.362205
0.306667
0.405286
0.405286
0.292063
0.306667
0.405286
0.589744
0.306667
0.405286
0.398268
0.613333
0.516854
0.362205
0.516854
0.405286
0.355212
0.405286
0.292063
0.589744
0.405286
2.300000
0.292063
0.516854
0.292063
0.292063
0.405286
0.638889
0.405286
0.550898
0.292063
0.292063
1.533333
0.306667
0.398268
0.352490
0.405286
0.405286
0.676471
0.638889
0.434475
0.405286
0.306667
0.306667
0.405286
0.405286
0.422018
0.292063
0.362205
0.306667
0.405286
0.638889
0.398268
0.203091
2.300000
0.146497
0.362205
0.405286
0.516854
2.322115
0.638889
0.329749
0.222354
0.355212
0.405286
0.359375
0.405286
0.676471
0.306667
0.329749
0.308725
0.398268
0.294872
0.355212
0.405286
2.300000
0.292063
0.306667
0.405286
0.294872
0.362205
0.516854
0.405286
0.405286
0.308725
0.405286
0.306667
0.355212
0.582278
0.292063
0.306667
0.516854
0.405286
0.215962
0.362205
0.405286
0.405286
0.405286
0.422018
0.405286
0.405286
2.311558
0.398268
0.292063
0.405286
0.482759
0.306667
